  0.0000    2    1.800   1.0000    strongNoGo
  1.8000    1    1.800   1.0000      strongGo
  3.6000    0    3.600   1.0000          NULL 
  7.2000    4    1.800   1.0000      weakNoGo
  9.0000    1    1.800   1.0000      strongGo
 10.8000    4    1.800   1.0000      weakNoGo
 12.6000    0    1.800   1.0000          NULL 
 14.4000    2    1.800   1.0000    strongNoGo
 16.2000    5    1.800   1.0000         catch
 18.0000    3    1.800   1.0000        weakGo
 19.8000    4    1.800   1.0000      weakNoGo
 21.6000    2    1.800   1.0000    strongNoGo
 23.4000    1    1.800   1.0000      strongGo
 25.2000    3    1.800   1.0000        weakGo
 27.0000    5    1.800   1.0000         catch
 28.8000    2    1.800   1.0000    strongNoGo
 30.6000    5    1.800   1.0000         catch
 32.4000    1    1.800   1.0000      strongGo
 34.2000    3    1.800   1.0000        weakGo
 36.0000    0    5.400   1.0000          NULL 
 41.4000    4    1.800   1.0000      weakNoGo
 43.2000    4    1.800   1.0000      weakNoGo
 45.0000    3    1.800   1.0000        weakGo
 46.8000    1    1.800   1.0000      strongGo
 48.6000    1    1.800   1.0000      strongGo
 50.4000    4    1.800   1.0000      weakNoGo
 52.2000    0    1.800   1.0000          NULL 
 54.0000    2    1.800   1.0000    strongNoGo
 55.8000    1    1.800   1.0000      strongGo
 57.6000    2    1.800   1.0000    strongNoGo
 59.4000    3    1.800   1.0000        weakGo
 61.2000    4    1.800   1.0000      weakNoGo
 63.0000    3    1.800   1.0000        weakGo
 64.8000    3    1.800   1.0000        weakGo
 66.6000    3    1.800   1.0000        weakGo
 68.4000    2    1.800   1.0000    strongNoGo
 70.2000    4    1.800   1.0000      weakNoGo
 72.0000    5    1.800   1.0000         catch
 73.8000    0    1.800   1.0000          NULL 
 75.6000    1    1.800   1.0000      strongGo
 77.4000    2    1.800   1.0000    strongNoGo
 79.2000    0    1.800   1.0000          NULL 
