  0.0000    2    1.800   1.0000    strongNoGo
  1.8000    3    1.800   1.0000        weakGo
  3.6000    4    1.800   1.0000      weakNoGo
  5.4000    4    1.800   1.0000      weakNoGo
  7.2000    2    1.800   1.0000    strongNoGo
  9.0000    1    1.800   1.0000      strongGo
 10.8000    3    1.800   1.0000        weakGo
 12.6000    4    1.800   1.0000      weakNoGo
 14.4000    2    1.800   1.0000    strongNoGo
 16.2000    4    1.800   1.0000      weakNoGo
 18.0000    1    1.800   1.0000      strongGo
 19.8000    4    1.800   1.0000      weakNoGo
 21.6000    0    1.800   1.0000          NULL 
 23.4000    3    1.800   1.0000        weakGo
 25.2000    3    1.800   1.0000        weakGo
 27.0000    0    1.800   1.0000          NULL 
 28.8000    3    1.800   1.0000        weakGo
 30.6000    2    1.800   1.0000    strongNoGo
 32.4000    4    1.800   1.0000      weakNoGo
 34.2000    1    1.800   1.0000      strongGo
 36.0000    3    1.800   1.0000        weakGo
 37.8000    3    1.800   1.0000        weakGo
 39.6000    2    1.800   1.0000    strongNoGo
 41.4000    1    1.800   1.0000      strongGo
 43.2000    0    1.800   1.0000          NULL 
 45.0000    3    1.800   1.0000        weakGo
 46.8000    2    1.800   1.0000    strongNoGo
 48.6000    4    1.800   1.0000      weakNoGo
 50.4000    0    1.800   1.0000          NULL 
 52.2000    5    1.800   1.0000         catch
 54.0000    0    1.800   1.0000          NULL 
 55.8000    5    1.800   1.0000         catch
 57.6000    4    1.800   1.0000      weakNoGo
 59.4000    5    1.800   1.0000         catch
 61.2000    0    1.800   1.0000          NULL 
 63.0000    2    1.800   1.0000    strongNoGo
 64.8000    1    1.800   1.0000      strongGo
 66.6000    0    1.800   1.0000          NULL 
 68.4000    1    1.800   1.0000      strongGo
 70.2000    0    3.600   1.0000          NULL 
 73.8000    1    1.800   1.0000      strongGo
 75.6000    5    1.800   1.0000         catch
 77.4000    1    1.800   1.0000      strongGo
 79.2000    2    1.800   1.0000    strongNoGo
