  0.0000    5    1.800   1.0000         catch
  1.8000    4    1.800   1.0000      weakNoGo
  3.6000    5    1.800   1.0000         catch
  5.4000    2    1.800   1.0000    strongNoGo
  7.2000    2    1.800   1.0000    strongNoGo
  9.0000    4    1.800   1.0000      weakNoGo
 10.8000    0    1.800   1.0000          NULL 
 12.6000    5    1.800   1.0000         catch
 14.4000    1    1.800   1.0000      strongGo
 16.2000    2    1.800   1.0000    strongNoGo
 18.0000    0    1.800   1.0000          NULL 
 19.8000    3    1.800   1.0000        weakGo
 21.6000    1    1.800   1.0000      strongGo
 23.4000    1    1.800   1.0000      strongGo
 25.2000    2    1.800   1.0000    strongNoGo
 27.0000    4    1.800   1.0000      weakNoGo
 28.8000    0    1.800   1.0000          NULL 
 30.6000    3    1.800   1.0000        weakGo
 32.4000    4    1.800   1.0000      weakNoGo
 34.2000    3    1.800   1.0000        weakGo
 36.0000    1    1.800   1.0000      strongGo
 37.8000    3    1.800   1.0000        weakGo
 39.6000    3    1.800   1.0000        weakGo
 41.4000    0    3.600   1.0000          NULL 
 45.0000    3    1.800   1.0000        weakGo
 46.8000    3    1.800   1.0000        weakGo
 48.6000    0    1.800   1.0000          NULL 
 50.4000    4    1.800   1.0000      weakNoGo
 52.2000    2    1.800   1.0000    strongNoGo
 54.0000    5    1.800   1.0000         catch
 55.8000    3    1.800   1.0000        weakGo
 57.6000    0    1.800   1.0000          NULL 
 59.4000    1    1.800   1.0000      strongGo
 61.2000    4    1.800   1.0000      weakNoGo
 63.0000    4    1.800   1.0000      weakNoGo
 64.8000    1    1.800   1.0000      strongGo
 66.6000    1    1.800   1.0000      strongGo
 68.4000    2    1.800   1.0000    strongNoGo
 70.2000    2    1.800   1.0000    strongNoGo
 72.0000    0    1.800   1.0000          NULL 
 73.8000    4    1.800   1.0000      weakNoGo
 75.6000    0    1.800   1.0000          NULL 
 77.4000    1    1.800   1.0000      strongGo
 79.2000    2    1.800   1.0000    strongNoGo
