  0.0000    3    1.800   1.0000        weakGo
  1.8000    2    1.800   1.0000    strongNoGo
  3.6000    0    1.800   1.0000          NULL 
  5.4000    4    1.800   1.0000      weakNoGo
  7.2000    3    1.800   1.0000        weakGo
  9.0000    1    1.800   1.0000      strongGo
 10.8000    2    1.800   1.0000    strongNoGo
 12.6000    1    1.800   1.0000      strongGo
 14.4000    3    1.800   1.0000        weakGo
 16.2000    3    1.800   1.0000        weakGo
 18.0000    4    1.800   1.0000      weakNoGo
 19.8000    2    1.800   1.0000    strongNoGo
 21.6000    4    1.800   1.0000      weakNoGo
 23.4000    1    1.800   1.0000      strongGo
 25.2000    2    1.800   1.0000    strongNoGo
 27.0000    1    1.800   1.0000      strongGo
 28.8000    1    1.800   1.0000      strongGo
 30.6000    1    1.800   1.0000      strongGo
 32.4000    5    1.800   1.0000         catch
 34.2000    3    1.800   1.0000        weakGo
 36.0000    2    1.800   1.0000    strongNoGo
 37.8000    0    3.600   1.0000          NULL 
 41.4000    2    1.800   1.0000    strongNoGo
 43.2000    0    1.800   1.0000          NULL 
 45.0000    1    1.800   1.0000      strongGo
 46.8000    0    1.800   1.0000          NULL 
 48.6000    4    1.800   1.0000      weakNoGo
 50.4000    2    1.800   1.0000    strongNoGo
 52.2000    0    1.800   1.0000          NULL 
 54.0000    3    1.800   1.0000        weakGo
 55.8000    4    1.800   1.0000      weakNoGo
 57.6000    4    1.800   1.0000      weakNoGo
 59.4000    0    1.800   1.0000          NULL 
 61.2000    3    1.800   1.0000        weakGo
 63.0000    5    1.800   1.0000         catch
 64.8000    0    1.800   1.0000          NULL 
 66.6000    5    1.800   1.0000         catch
 68.4000    2    1.800   1.0000    strongNoGo
 70.2000    4    1.800   1.0000      weakNoGo
 72.0000    4    1.800   1.0000      weakNoGo
 73.8000    1    1.800   1.0000      strongGo
 75.6000    5    1.800   1.0000         catch
 77.4000    3    1.800   1.0000        weakGo
 79.2000    0    1.800   1.0000          NULL 
