  0.0000    2    1.800   1.0000    strongNoGo
  1.8000    3    1.800   1.0000        weakGo
  3.6000    3    1.800   1.0000        weakGo
  5.4000    4    1.800   1.0000      weakNoGo
  7.2000    4    1.800   1.0000      weakNoGo
  9.0000    0    5.400   1.0000          NULL 
 14.4000    2    1.800   1.0000    strongNoGo
 16.2000    1    1.800   1.0000      strongGo
 18.0000    4    1.800   1.0000      weakNoGo
 19.8000    3    1.800   1.0000        weakGo
 21.6000    4    1.800   1.0000      weakNoGo
 23.4000    3    1.800   1.0000        weakGo
 25.2000    4    1.800   1.0000      weakNoGo
 27.0000    0    3.600   1.0000          NULL 
 30.6000    4    1.800   1.0000      weakNoGo
 32.4000    1    1.800   1.0000      strongGo
 34.2000    2    1.800   1.0000    strongNoGo
 36.0000    4    1.800   1.0000      weakNoGo
 37.8000    1    1.800   1.0000      strongGo
 39.6000    1    1.800   1.0000      strongGo
 41.4000    5    1.800   1.0000         catch
 43.2000    3    1.800   1.0000        weakGo
 45.0000    3    1.800   1.0000        weakGo
 46.8000    1    1.800   1.0000      strongGo
 48.6000    3    1.800   1.0000        weakGo
 50.4000    1    1.800   1.0000      strongGo
 52.2000    0    1.800   1.0000          NULL 
 54.0000    2    1.800   1.0000    strongNoGo
 55.8000    5    1.800   1.0000         catch
 57.6000    5    1.800   1.0000         catch
 59.4000    0    3.600   1.0000          NULL 
 63.0000    2    1.800   1.0000    strongNoGo
 64.8000    4    1.800   1.0000      weakNoGo
 66.6000    5    1.800   1.0000         catch
 68.4000    0    1.800   1.0000          NULL 
 70.2000    2    1.800   1.0000    strongNoGo
 72.0000    2    1.800   1.0000    strongNoGo
 73.8000    1    1.800   1.0000      strongGo
 75.6000    2    1.800   1.0000    strongNoGo
 77.4000    1    1.800   1.0000      strongGo
 79.2000    3    1.800   1.0000        weakGo
