  0.0000    4    1.800   1.0000      weakNoGo
  1.8000    2    1.800   1.0000    strongNoGo
  3.6000    0    1.800   1.0000          NULL 
  5.4000    5    1.800   1.0000         catch
  7.2000    1    1.800   1.0000      strongGo
  9.0000    1    1.800   1.0000      strongGo
 10.8000    0    1.800   1.0000          NULL 
 12.6000    1    1.800   1.0000      strongGo
 14.4000    2    1.800   1.0000    strongNoGo
 16.2000    3    1.800   1.0000        weakGo
 18.0000    2    1.800   1.0000    strongNoGo
 19.8000    2    1.800   1.0000    strongNoGo
 21.6000    4    1.800   1.0000      weakNoGo
 23.4000    0    1.800   1.0000          NULL 
 25.2000    4    1.800   1.0000      weakNoGo
 27.0000    1    1.800   1.0000      strongGo
 28.8000    4    1.800   1.0000      weakNoGo
 30.6000    2    1.800   1.0000    strongNoGo
 32.4000    3    1.800   1.0000        weakGo
 34.2000    4    1.800   1.0000      weakNoGo
 36.0000    1    1.800   1.0000      strongGo
 37.8000    3    1.800   1.0000        weakGo
 39.6000    1    1.800   1.0000      strongGo
 41.4000    3    1.800   1.0000        weakGo
 43.2000    2    1.800   1.0000    strongNoGo
 45.0000    4    1.800   1.0000      weakNoGo
 46.8000    5    1.800   1.0000         catch
 48.6000    4    1.800   1.0000      weakNoGo
 50.4000    2    1.800   1.0000    strongNoGo
 52.2000    5    1.800   1.0000         catch
 54.0000    3    1.800   1.0000        weakGo
 55.8000    0    1.800   1.0000          NULL 
 57.6000    2    1.800   1.0000    strongNoGo
 59.4000    0    1.800   1.0000          NULL 
 61.2000    3    1.800   1.0000        weakGo
 63.0000    1    1.800   1.0000      strongGo
 64.8000    3    1.800   1.0000        weakGo
 66.6000    0    1.800   1.0000          NULL 
 68.4000    1    1.800   1.0000      strongGo
 70.2000    3    1.800   1.0000        weakGo
 72.0000    0    5.400   1.0000          NULL 
 77.4000    4    1.800   1.0000      weakNoGo
 79.2000    5    1.800   1.0000         catch
