  0.0000    1    2.000   1.0000      strongGo
  2.0000    0    2.000   1.0000          NULL 
  4.0000    1    2.000   1.0000      strongGo
  6.0000    1    2.000   1.0000      strongGo
  8.0000    2    2.000   1.0000    strongNoGo
 10.0000    2    2.000   1.0000    strongNoGo
 12.0000    3    2.000   1.0000        weakGo
 14.0000    0    2.000   1.0000          NULL 
 16.0000    2    2.000   1.0000    strongNoGo
 18.0000    0    2.000   1.0000          NULL 
 20.0000    2    2.000   1.0000    strongNoGo
 22.0000    3    2.000   1.0000        weakGo
 24.0000    3    2.000   1.0000        weakGo
 26.0000    4    2.000   1.0000      weakNoGo
 28.0000    4    2.000   1.0000      weakNoGo
 30.0000    4    2.000   1.0000      weakNoGo
 32.0000    0    2.000   1.0000          NULL 
 34.0000    4    2.000   1.0000      weakNoGo
 36.0000    2    2.000   1.0000    strongNoGo
 38.0000    4    2.000   1.0000      weakNoGo
 40.0000    1    2.000   1.0000      strongGo
 42.0000    2    2.000   1.0000    strongNoGo
 44.0000    4    2.000   1.0000      weakNoGo
 46.0000    3    2.000   1.0000        weakGo
 48.0000    3    2.000   1.0000        weakGo
 50.0000    3    2.000   1.0000        weakGo
 52.0000    0    2.000   1.0000          NULL 
 54.0000    1    2.000   1.0000      strongGo
 56.0000    4    2.000   1.0000      weakNoGo
 58.0000    3    2.000   1.0000        weakGo
 60.0000    2    2.000   1.0000    strongNoGo
 62.0000    5    2.000   1.0000         catch
 64.0000    0    2.000   1.0000          NULL 
 66.0000    1    2.000   1.0000      strongGo
 68.0000    1    2.000   1.0000      strongGo
 70.0000    2    2.000   1.0000    strongNoGo
 72.0000    1    2.000   1.0000      strongGo
 74.0000    0    2.000   1.0000          NULL 
 76.0000    5    2.000   1.0000         catch
 78.0000    4    2.000   1.0000      weakNoGo
 80.0000    0    2.000   1.0000          NULL 
 82.0000    5    2.000   1.0000         catch
 84.0000    3    2.000   1.0000        weakGo
 86.0000    5    2.000   1.0000         catch
 88.0000    0    4.000   1.0000          NULL 
