  0.0000    2    1.800   1.0000      strongGo
  1.8000    3    1.800   1.0000      weakNoGo
  3.6000    4    1.800   1.0000    strongNoGo
  5.4000    1    1.800   1.0000        weakGo
  7.2000    3    1.800   1.0000      weakNoGo
  9.0000    4    1.800   1.0000    strongNoGo
 10.8000    3    1.800   1.0000      weakNoGo
 12.6000    2    1.800   1.0000      strongGo
 14.4000    0    3.600   1.0000          NULL 
 18.0000    3    1.800   1.0000      weakNoGo
 19.8000    1    1.800   1.0000        weakGo
 21.6000    0    1.800   1.0000          NULL 
 23.4000    2    1.800   1.0000      strongGo
 25.2000    0    1.800   1.0000          NULL 
 27.0000    3    1.800   1.0000      weakNoGo
 28.8000    4    1.800   1.0000    strongNoGo
 30.6000    3    1.800   1.0000      weakNoGo
 32.4000    3    1.800   1.0000      weakNoGo
 34.2000    2    1.800   1.0000      strongGo
 36.0000    1    1.800   1.0000        weakGo
 37.8000    4    1.800   1.0000    strongNoGo
 39.6000    0    1.800   1.0000          NULL 
 41.4000    1    1.800   1.0000        weakGo
 43.2000    1    1.800   1.0000        weakGo
 45.0000    2    1.800   1.0000      strongGo
 46.8000    3    1.800   1.0000      weakNoGo
 48.6000    0    3.600   1.0000          NULL 
 52.2000    4    1.800   1.0000    strongNoGo
 54.0000    2    1.800   1.0000      strongGo
 55.8000    2    1.800   1.0000      strongGo
 57.6000    0    1.800   1.0000          NULL 
 59.4000    4    1.800   1.0000    strongNoGo
 61.2000    4    1.800   1.0000    strongNoGo
 63.0000    3    1.800   1.0000      weakNoGo
 64.8000    0    1.800   1.0000          NULL 
 66.6000    4    1.800   1.0000    strongNoGo
 68.4000    1    1.800   1.0000        weakGo
 70.2000    3    1.800   1.0000      weakNoGo
 72.0000    4    1.800   1.0000    strongNoGo
 73.8000    2    1.800   1.0000      strongGo
 75.6000    1    1.800   1.0000        weakGo
 77.4000    1    1.800   1.0000        weakGo
 79.2000    0    1.800   1.0000          NULL 
 81.0000    1    1.800   1.0000        weakGo
 82.8000    2    1.800   1.0000      strongGo
 84.6000    1    1.800   1.0000        weakGo
 86.4000    4    1.800   1.0000    strongNoGo
 88.2000    2    1.800   1.0000      strongGo
