  0.0000    3    2.000   1.0000        weakGo
  2.0000    3    2.000   1.0000        weakGo
  4.0000    2    2.000   1.0000    strongNoGo
  6.0000    3    2.000   1.0000        weakGo
  8.0000    4    2.000   1.0000      weakNoGo
 10.0000    1    2.000   1.0000      strongGo
 12.0000    3    2.000   1.0000        weakGo
 14.0000    1    2.000   1.0000      strongGo
 16.0000    1    2.000   1.0000      strongGo
 18.0000    4    2.000   1.0000      weakNoGo
 20.0000    3    2.000   1.0000        weakGo
 22.0000    0    4.000   1.0000          NULL 
 26.0000    2    2.000   1.0000    strongNoGo
 28.0000    2    2.000   1.0000    strongNoGo
 30.0000    2    2.000   1.0000    strongNoGo
 32.0000    4    2.000   1.0000      weakNoGo
 34.0000    2    2.000   1.0000    strongNoGo
 36.0000    5    2.000   1.0000         catch
 38.0000    0    2.000   1.0000          NULL 
 40.0000    1    2.000   1.0000      strongGo
 42.0000    3    2.000   1.0000        weakGo
 44.0000    0    2.000   1.0000          NULL 
 46.0000    1    2.000   1.0000      strongGo
 48.0000    5    2.000   1.0000         catch
 50.0000    4    2.000   1.0000      weakNoGo
 52.0000    4    2.000   1.0000      weakNoGo
 54.0000    2    2.000   1.0000    strongNoGo
 56.0000    1    2.000   1.0000      strongGo
 58.0000    0    2.000   1.0000          NULL 
 60.0000    3    2.000   1.0000        weakGo
 62.0000    4    2.000   1.0000      weakNoGo
 64.0000    4    2.000   1.0000      weakNoGo
 66.0000    0    2.000   1.0000          NULL 
 68.0000    5    2.000   1.0000         catch
 70.0000    3    2.000   1.0000        weakGo
 72.0000    5    2.000   1.0000         catch
 74.0000    0    2.000   1.0000          NULL 
 76.0000    1    2.000   1.0000      strongGo
 78.0000    2    2.000   1.0000    strongNoGo
 80.0000    1    2.000   1.0000      strongGo
 82.0000    0    6.000   1.0000          NULL 
 88.0000    2    2.000   1.0000    strongNoGo
 90.0000    4    2.000   1.0000      weakNoGo
