  0.0000    3    1.800   1.0000      weakNoGo
  1.8000    4    1.800   1.0000    strongNoGo
  3.6000    0    1.800   1.0000          NULL 
  5.4000    4    1.800   1.0000    strongNoGo
  7.2000    4    1.800   1.0000    strongNoGo
  9.0000    4    1.800   1.0000    strongNoGo
 10.8000    0    1.800   1.0000          NULL 
 12.6000    2    1.800   1.0000      strongGo
 14.4000    0    1.800   1.0000          NULL 
 16.2000    2    1.800   1.0000      strongGo
 18.0000    0    1.800   1.0000          NULL 
 19.8000    3    1.800   1.0000      weakNoGo
 21.6000    1    1.800   1.0000        weakGo
 23.4000    1    1.800   1.0000        weakGo
 25.2000    4    1.800   1.0000    strongNoGo
 27.0000    3    1.800   1.0000      weakNoGo
 28.8000    1    1.800   1.0000        weakGo
 30.6000    0    1.800   1.0000          NULL 
 32.4000    4    1.800   1.0000    strongNoGo
 34.2000    0    1.800   1.0000          NULL 
 36.0000    1    1.800   1.0000        weakGo
 37.8000    3    1.800   1.0000      weakNoGo
 39.6000    2    1.800   1.0000      strongGo
 41.4000    2    1.800   1.0000      strongGo
 43.2000    3    1.800   1.0000      weakNoGo
 45.0000    3    1.800   1.0000      weakNoGo
 46.8000    0    1.800   1.0000          NULL 
 48.6000    4    1.800   1.0000    strongNoGo
 50.4000    4    1.800   1.0000    strongNoGo
 52.2000    1    1.800   1.0000        weakGo
 54.0000    4    1.800   1.0000    strongNoGo
 55.8000    1    1.800   1.0000        weakGo
 57.6000    3    1.800   1.0000      weakNoGo
 59.4000    2    1.800   1.0000      strongGo
 61.2000    2    1.800   1.0000      strongGo
 63.0000    2    1.800   1.0000      strongGo
 64.8000    1    1.800   1.0000        weakGo
 66.6000    1    1.800   1.0000        weakGo
 68.4000    2    1.800   1.0000      strongGo
 70.2000    0    1.800   1.0000          NULL 
 72.0000    4    1.800   1.0000    strongNoGo
 73.8000    3    1.800   1.0000      weakNoGo
 75.6000    0    1.800   1.0000          NULL 
 77.4000    3    1.800   1.0000      weakNoGo
 79.2000    2    1.800   1.0000      strongGo
 81.0000    2    1.800   1.0000      strongGo
 82.8000    1    1.800   1.0000        weakGo
 84.6000    3    1.800   1.0000      weakNoGo
 86.4000    0    1.800   1.0000          NULL 
 88.2000    1    1.800   1.0000        weakGo
