  0.0000    2    2.000   1.0000    strongNoGo
  2.0000    0    2.000   1.0000          NULL 
  4.0000    2    2.000   1.0000    strongNoGo
  6.0000    5    2.000   1.0000         catch
  8.0000    5    2.000   1.0000         catch
 10.0000    2    2.000   1.0000    strongNoGo
 12.0000    2    2.000   1.0000    strongNoGo
 14.0000    5    2.000   1.0000         catch
 16.0000    1    2.000   1.0000      strongGo
 18.0000    2    2.000   1.0000    strongNoGo
 20.0000    4    2.000   1.0000      weakNoGo
 22.0000    4    2.000   1.0000      weakNoGo
 24.0000    2    2.000   1.0000    strongNoGo
 26.0000    0    2.000   1.0000          NULL 
 28.0000    1    2.000   1.0000      strongGo
 30.0000    3    2.000   1.0000        weakGo
 32.0000    1    2.000   1.0000      strongGo
 34.0000    1    2.000   1.0000      strongGo
 36.0000    4    2.000   1.0000      weakNoGo
 38.0000    4    2.000   1.0000      weakNoGo
 40.0000    3    2.000   1.0000        weakGo
 42.0000    2    2.000   1.0000    strongNoGo
 44.0000    0    2.000   1.0000          NULL 
 46.0000    3    2.000   1.0000        weakGo
 48.0000    4    2.000   1.0000      weakNoGo
 50.0000    3    2.000   1.0000        weakGo
 52.0000    4    2.000   1.0000      weakNoGo
 54.0000    0    4.000   1.0000          NULL 
 58.0000    4    2.000   1.0000      weakNoGo
 60.0000    0    4.000   1.0000          NULL 
 64.0000    3    2.000   1.0000        weakGo
 66.0000    3    2.000   1.0000        weakGo
 68.0000    0    2.000   1.0000          NULL 
 70.0000    1    2.000   1.0000      strongGo
 72.0000    1    2.000   1.0000      strongGo
 74.0000    3    2.000   1.0000        weakGo
 76.0000    0    2.000   1.0000          NULL 
 78.0000    2    2.000   1.0000    strongNoGo
 80.0000    5    2.000   1.0000         catch
 82.0000    3    2.000   1.0000        weakGo
 84.0000    1    2.000   1.0000      strongGo
 86.0000    1    2.000   1.0000      strongGo
 88.0000    4    2.000   1.0000      weakNoGo
 90.0000    0    2.000   1.0000          NULL 
