  0.0000    5    1.800   1.0000         catch
  1.8000    4    1.800   1.0000      weakNoGo
  3.6000    4    1.800   1.0000      weakNoGo
  5.4000    3    1.800   1.0000        weakGo
  7.2000    3    1.800   1.0000        weakGo
  9.0000    4    1.800   1.0000      weakNoGo
 10.8000    3    1.800   1.0000        weakGo
 12.6000    1    1.800   1.0000      strongGo
 14.4000    1    1.800   1.0000      strongGo
 16.2000    3    1.800   1.0000        weakGo
 18.0000    1    1.800   1.0000      strongGo
 19.8000    2    1.800   1.0000    strongNoGo
 21.6000    4    1.800   1.0000      weakNoGo
 23.4000    0    3.600   1.0000          NULL 
 27.0000    4    1.800   1.0000      weakNoGo
 28.8000    0    1.800   1.0000          NULL 
 30.6000    4    1.800   1.0000      weakNoGo
 32.4000    2    1.800   1.0000    strongNoGo
 34.2000    2    1.800   1.0000    strongNoGo
 36.0000    3    1.800   1.0000        weakGo
 37.8000    0    1.800   1.0000          NULL 
 39.6000    1    1.800   1.0000      strongGo
 41.4000    0    3.600   1.0000          NULL 
 45.0000    4    1.800   1.0000      weakNoGo
 46.8000    5    1.800   1.0000         catch
 48.6000    1    1.800   1.0000      strongGo
 50.4000    0    1.800   1.0000          NULL 
 52.2000    1    1.800   1.0000      strongGo
 54.0000    5    1.800   1.0000         catch
 55.8000    0    1.800   1.0000          NULL 
 57.6000    3    1.800   1.0000        weakGo
 59.4000    2    1.800   1.0000    strongNoGo
 61.2000    5    1.800   1.0000         catch
 63.0000    2    1.800   1.0000    strongNoGo
 64.8000    0    1.800   1.0000          NULL 
 66.6000    4    1.800   1.0000      weakNoGo
 68.4000    3    1.800   1.0000        weakGo
 70.2000    2    1.800   1.0000    strongNoGo
 72.0000    1    1.800   1.0000      strongGo
 73.8000    2    1.800   1.0000    strongNoGo
 75.6000    1    1.800   1.0000      strongGo
 77.4000    3    1.800   1.0000        weakGo
 79.2000    2    1.800   1.0000    strongNoGo
