  0.0000    4    2.000   1.0000      weakNoGo
  2.0000    3    2.000   1.0000        weakGo
  4.0000    1    2.000   1.0000      strongGo
  6.0000    0    2.000   1.0000          NULL 
  8.0000    3    2.000   1.0000        weakGo
 10.0000    2    2.000   1.0000    strongNoGo
 12.0000    5    2.000   1.0000         catch
 14.0000    2    2.000   1.0000    strongNoGo
 16.0000    0    2.000   1.0000          NULL 
 18.0000    1    2.000   1.0000      strongGo
 20.0000    3    2.000   1.0000        weakGo
 22.0000    1    2.000   1.0000      strongGo
 24.0000    3    2.000   1.0000        weakGo
 26.0000    1    2.000   1.0000      strongGo
 28.0000    1    2.000   1.0000      strongGo
 30.0000    2    2.000   1.0000    strongNoGo
 32.0000    4    2.000   1.0000      weakNoGo
 34.0000    0    4.000   1.0000          NULL 
 38.0000    4    2.000   1.0000      weakNoGo
 40.0000    1    2.000   1.0000      strongGo
 42.0000    1    2.000   1.0000      strongGo
 44.0000    3    2.000   1.0000        weakGo
 46.0000    5    2.000   1.0000         catch
 48.0000    2    2.000   1.0000    strongNoGo
 50.0000    3    2.000   1.0000        weakGo
 52.0000    4    2.000   1.0000      weakNoGo
 54.0000    2    2.000   1.0000    strongNoGo
 56.0000    0    6.000   1.0000          NULL 
 62.0000    4    2.000   1.0000      weakNoGo
 64.0000    5    2.000   1.0000         catch
 66.0000    5    2.000   1.0000         catch
 68.0000    2    2.000   1.0000    strongNoGo
 70.0000    4    2.000   1.0000      weakNoGo
 72.0000    1    2.000   1.0000      strongGo
 74.0000    4    2.000   1.0000      weakNoGo
 76.0000    2    2.000   1.0000    strongNoGo
 78.0000    0    2.000   1.0000          NULL 
 80.0000    3    2.000   1.0000        weakGo
 82.0000    2    2.000   1.0000    strongNoGo
 84.0000    4    2.000   1.0000      weakNoGo
 86.0000    0    4.000   1.0000          NULL 
 90.0000    3    2.000   1.0000        weakGo
