  0.0000    4    2.000   1.0000      weakNoGo
  2.0000    5    2.000   1.0000         catch
  4.0000    1    2.000   1.0000      strongGo
  6.0000    0    4.000   1.0000          NULL 
 10.0000    4    2.000   1.0000      weakNoGo
 12.0000    3    2.000   1.0000        weakGo
 14.0000    1    2.000   1.0000      strongGo
 16.0000    4    2.000   1.0000      weakNoGo
 18.0000    1    2.000   1.0000      strongGo
 20.0000    4    2.000   1.0000      weakNoGo
 22.0000    1    2.000   1.0000      strongGo
 24.0000    3    2.000   1.0000        weakGo
 26.0000    5    2.000   1.0000         catch
 28.0000    4    2.000   1.0000      weakNoGo
 30.0000    3    2.000   1.0000        weakGo
 32.0000    0    2.000   1.0000          NULL 
 34.0000    2    2.000   1.0000    strongNoGo
 36.0000    1    2.000   1.0000      strongGo
 38.0000    3    2.000   1.0000        weakGo
 40.0000    3    2.000   1.0000        weakGo
 42.0000    3    2.000   1.0000        weakGo
 44.0000    0    2.000   1.0000          NULL 
 46.0000    3    2.000   1.0000        weakGo
 48.0000    0    6.000   1.0000          NULL 
 54.0000    2    2.000   1.0000    strongNoGo
 56.0000    1    2.000   1.0000      strongGo
 58.0000    2    2.000   1.0000    strongNoGo
 60.0000    1    2.000   1.0000      strongGo
 62.0000    2    2.000   1.0000    strongNoGo
 64.0000    4    2.000   1.0000      weakNoGo
 66.0000    4    2.000   1.0000      weakNoGo
 68.0000    2    2.000   1.0000    strongNoGo
 70.0000    4    2.000   1.0000      weakNoGo
 72.0000    1    2.000   1.0000      strongGo
 74.0000    2    2.000   1.0000    strongNoGo
 76.0000    2    2.000   1.0000    strongNoGo
 78.0000    5    2.000   1.0000         catch
 80.0000    0    2.000   1.0000          NULL 
 82.0000    5    2.000   1.0000         catch
 84.0000    2    2.000   1.0000    strongNoGo
 86.0000    0    2.000   1.0000          NULL 
 88.0000    3    2.000   1.0000        weakGo
 90.0000    0    2.000   1.0000          NULL 
