  0.0000    3    1.800   1.0000        weakGo
  1.8000    0    1.800   1.0000          NULL 
  3.6000    2    1.800   1.0000    strongNoGo
  5.4000    2    1.800   1.0000    strongNoGo
  7.2000    1    1.800   1.0000      strongGo
  9.0000    4    1.800   1.0000      weakNoGo
 10.8000    4    1.800   1.0000      weakNoGo
 12.6000    2    1.800   1.0000    strongNoGo
 14.4000    0    3.600   1.0000          NULL 
 18.0000    3    1.800   1.0000        weakGo
 19.8000    0    1.800   1.0000          NULL 
 21.6000    1    1.800   1.0000      strongGo
 23.4000    3    1.800   1.0000        weakGo
 25.2000    2    1.800   1.0000    strongNoGo
 27.0000    1    1.800   1.0000      strongGo
 28.8000    1    1.800   1.0000      strongGo
 30.6000    4    1.800   1.0000      weakNoGo
 32.4000    3    1.800   1.0000        weakGo
 34.2000    4    1.800   1.0000      weakNoGo
 36.0000    0    3.600   1.0000          NULL 
 39.6000    1    1.800   1.0000      strongGo
 41.4000    1    1.800   1.0000      strongGo
 43.2000    4    1.800   1.0000      weakNoGo
 45.0000    4    1.800   1.0000      weakNoGo
 46.8000    4    1.800   1.0000      weakNoGo
 48.6000    3    1.800   1.0000        weakGo
 50.4000    5    1.800   1.0000         catch
 52.2000    2    1.800   1.0000    strongNoGo
 54.0000    1    1.800   1.0000      strongGo
 55.8000    3    1.800   1.0000        weakGo
 57.6000    3    1.800   1.0000        weakGo
 59.4000    1    1.800   1.0000      strongGo
 61.2000    4    1.800   1.0000      weakNoGo
 63.0000    5    1.800   1.0000         catch
 64.8000    2    1.800   1.0000    strongNoGo
 66.6000    0    1.800   1.0000          NULL 
 68.4000    2    1.800   1.0000    strongNoGo
 70.2000    5    1.800   1.0000         catch
 72.0000    0    3.600   1.0000          NULL 
 75.6000    2    1.800   1.0000    strongNoGo
 77.4000    3    1.800   1.0000        weakGo
 79.2000    5    1.800   1.0000         catch
