  0.0000    2    2.000   1.0000    strongNoGo
  2.0000    1    2.000   1.0000      strongGo
  4.0000    4    2.000   1.0000      weakNoGo
  6.0000    0    6.000   1.0000          NULL 
 12.0000    3    2.000   1.0000        weakGo
 14.0000    1    2.000   1.0000      strongGo
 16.0000    0    2.000   1.0000          NULL 
 18.0000    5    2.000   1.0000         catch
 20.0000    2    2.000   1.0000    strongNoGo
 22.0000    0    2.000   1.0000          NULL 
 24.0000    1    2.000   1.0000      strongGo
 26.0000    3    2.000   1.0000        weakGo
 28.0000    0    2.000   1.0000          NULL 
 30.0000    4    2.000   1.0000      weakNoGo
 32.0000    2    2.000   1.0000    strongNoGo
 34.0000    4    2.000   1.0000      weakNoGo
 36.0000    5    2.000   1.0000         catch
 38.0000    0    2.000   1.0000          NULL 
 40.0000    2    2.000   1.0000    strongNoGo
 42.0000    5    2.000   1.0000         catch
 44.0000    0    2.000   1.0000          NULL 
 46.0000    3    2.000   1.0000        weakGo
 48.0000    3    2.000   1.0000        weakGo
 50.0000    0    2.000   1.0000          NULL 
 52.0000    3    2.000   1.0000        weakGo
 54.0000    0    2.000   1.0000          NULL 
 56.0000    3    2.000   1.0000        weakGo
 58.0000    0    4.000   1.0000          NULL 
 62.0000    4    2.000   1.0000      weakNoGo
 64.0000    4    2.000   1.0000      weakNoGo
 66.0000    1    2.000   1.0000      strongGo
 68.0000    3    2.000   1.0000        weakGo
 70.0000    2    2.000   1.0000    strongNoGo
 72.0000    0    2.000   1.0000          NULL 
 74.0000    1    2.000   1.0000      strongGo
 76.0000    2    2.000   1.0000    strongNoGo
 78.0000    0    4.000   1.0000          NULL 
 82.0000    5    2.000   1.0000         catch
 84.0000    4    2.000   1.0000      weakNoGo
 86.0000    3    2.000   1.0000        weakGo
 88.0000    4    2.000   1.0000      weakNoGo
 90.0000    1    2.000   1.0000      strongGo
 92.0000    0    6.000   1.0000          NULL 
 98.0000    4    2.000   1.0000      weakNoGo
100.0000    0    4.000   1.0000          NULL 
104.0000    2    2.000   1.0000    strongNoGo
106.0000    1    2.000   1.0000      strongGo
108.0000    1    2.000   1.0000      strongGo
110.0000    2    2.000   1.0000    strongNoGo
112.0000    0    8.000   1.0000          NULL 
