  0.0000    4    1.800   1.0000      weakNoGo
  1.8000    0    1.800   1.0000          NULL 
  3.6000    3    1.800   1.0000        weakGo
  5.4000    2    1.800   1.0000    strongNoGo
  7.2000    2    1.800   1.0000    strongNoGo
  9.0000    1    1.800   1.0000      strongGo
 10.8000    1    1.800   1.0000      strongGo
 12.6000    1    1.800   1.0000      strongGo
 14.4000    2    1.800   1.0000    strongNoGo
 16.2000    1    1.800   1.0000      strongGo
 18.0000    3    1.800   1.0000        weakGo
 19.8000    0    3.600   1.0000          NULL 
 23.4000    3    1.800   1.0000        weakGo
 25.2000    3    1.800   1.0000        weakGo
 27.0000    5    1.800   1.0000         catch
 28.8000    3    1.800   1.0000        weakGo
 30.6000    0    1.800   1.0000          NULL 
 32.4000    2    1.800   1.0000    strongNoGo
 34.2000    0    1.800   1.0000          NULL 
 36.0000    1    1.800   1.0000      strongGo
 37.8000    4    1.800   1.0000      weakNoGo
 39.6000    4    1.800   1.0000      weakNoGo
 41.4000    2    1.800   1.0000    strongNoGo
 43.2000    5    1.800   1.0000         catch
 45.0000    5    1.800   1.0000         catch
 46.8000    4    1.800   1.0000      weakNoGo
 48.6000    0    3.600   1.0000          NULL 
 52.2000    3    1.800   1.0000        weakGo
 54.0000    2    1.800   1.0000    strongNoGo
 55.8000    0    1.800   1.0000          NULL 
 57.6000    4    1.800   1.0000      weakNoGo
 59.4000    2    1.800   1.0000    strongNoGo
 61.2000    4    1.800   1.0000      weakNoGo
 63.0000    1    1.800   1.0000      strongGo
 64.8000    2    1.800   1.0000    strongNoGo
 66.6000    3    1.800   1.0000        weakGo
 68.4000    1    1.800   1.0000      strongGo
 70.2000    4    1.800   1.0000      weakNoGo
 72.0000    1    1.800   1.0000      strongGo
 73.8000    5    1.800   1.0000         catch
 75.6000    0    1.800   1.0000          NULL 
 77.4000    4    1.800   1.0000      weakNoGo
 79.2000    3    1.800   1.0000        weakGo
