  0.0000    4    2.000   1.0000      weakNoGo
  2.0000    3    2.000   1.0000        weakGo
  4.0000    1    2.000   1.0000      strongGo
  6.0000    3    2.000   1.0000        weakGo
  8.0000    4    2.000   1.0000      weakNoGo
 10.0000    1    2.000   1.0000      strongGo
 12.0000    0    6.000   1.0000          NULL 
 18.0000    3    2.000   1.0000        weakGo
 20.0000    5    2.000   1.0000         catch
 22.0000    4    2.000   1.0000      weakNoGo
 24.0000    3    2.000   1.0000        weakGo
 26.0000    3    2.000   1.0000        weakGo
 28.0000    0    2.000   1.0000          NULL 
 30.0000    3    2.000   1.0000        weakGo
 32.0000    0    4.000   1.0000          NULL 
 36.0000    2    2.000   1.0000    strongNoGo
 38.0000    0    2.000   1.0000          NULL 
 40.0000    1    2.000   1.0000      strongGo
 42.0000    0    2.000   1.0000          NULL 
 44.0000    4    2.000   1.0000      weakNoGo
 46.0000    0    6.000   1.0000          NULL 
 52.0000    2    2.000   1.0000    strongNoGo
 54.0000    2    2.000   1.0000    strongNoGo
 56.0000    2    2.000   1.0000    strongNoGo
 58.0000    5    2.000   1.0000         catch
 60.0000    0    2.000   1.0000          NULL 
 62.0000    1    2.000   1.0000      strongGo
 64.0000    4    2.000   1.0000      weakNoGo
 66.0000    0    2.000   1.0000          NULL 
 68.0000    4    2.000   1.0000      weakNoGo
 70.0000    4    2.000   1.0000      weakNoGo
 72.0000    0    8.000   1.0000          NULL 
 80.0000    5    2.000   1.0000         catch
 82.0000    1    2.000   1.0000      strongGo
 84.0000    2    2.000   1.0000    strongNoGo
 86.0000    0    2.000   1.0000          NULL 
 88.0000    1    2.000   1.0000      strongGo
 90.0000    0    2.000   1.0000          NULL 
 92.0000    3    2.000   1.0000        weakGo
 94.0000    5    2.000   1.0000         catch
 96.0000    0    2.000   1.0000          NULL 
 98.0000    1    2.000   1.0000      strongGo
100.0000    2    2.000   1.0000    strongNoGo
102.0000    1    2.000   1.0000      strongGo
104.0000    0    2.000   1.0000          NULL 
106.0000    2    2.000   1.0000    strongNoGo
108.0000    2    2.000   1.0000    strongNoGo
110.0000    3    2.000   1.0000        weakGo
112.0000    0    6.000   1.0000          NULL 
118.0000    4    2.000   1.0000      weakNoGo
