  0.0000    5    1.800   1.0000         catch
  1.8000    0    5.400   1.0000          NULL 
  7.2000    1    1.800   1.0000      strongGo
  9.0000    0    1.800   1.0000          NULL 
 10.8000    2    1.800   1.0000    strongNoGo
 12.6000    1    1.800   1.0000      strongGo
 14.4000    1    1.800   1.0000      strongGo
 16.2000    1    1.800   1.0000      strongGo
 18.0000    4    1.800   1.0000      weakNoGo
 19.8000    3    1.800   1.0000        weakGo
 21.6000    4    1.800   1.0000      weakNoGo
 23.4000    3    1.800   1.0000        weakGo
 25.2000    2    1.800   1.0000    strongNoGo
 27.0000    0    1.800   1.0000          NULL 
 28.8000    3    1.800   1.0000        weakGo
 30.6000    3    1.800   1.0000        weakGo
 32.4000    4    1.800   1.0000      weakNoGo
 34.2000    4    1.800   1.0000      weakNoGo
 36.0000    2    1.800   1.0000    strongNoGo
 37.8000    4    1.800   1.0000      weakNoGo
 39.6000    5    1.800   1.0000         catch
 41.4000    3    1.800   1.0000        weakGo
 43.2000    2    1.800   1.0000    strongNoGo
 45.0000    1    1.800   1.0000      strongGo
 46.8000    3    1.800   1.0000        weakGo
 48.6000    0    1.800   1.0000          NULL 
 50.4000    2    1.800   1.0000    strongNoGo
 52.2000    3    1.800   1.0000        weakGo
 54.0000    0    1.800   1.0000          NULL 
 55.8000    2    1.800   1.0000    strongNoGo
 57.6000    5    1.800   1.0000         catch
 59.4000    4    1.800   1.0000      weakNoGo
 61.2000    2    1.800   1.0000    strongNoGo
 63.0000    4    1.800   1.0000      weakNoGo
 64.8000    0    1.800   1.0000          NULL 
 66.6000    4    1.800   1.0000      weakNoGo
 68.4000    1    1.800   1.0000      strongGo
 70.2000    2    1.800   1.0000    strongNoGo
 72.0000    2    1.800   1.0000    strongNoGo
 73.8000    0    1.800   1.0000          NULL 
 75.6000    4    1.800   1.0000      weakNoGo
 77.4000    4    1.800   1.0000      weakNoGo
 79.2000    3    1.800   1.0000        weakGo
 81.0000    2    1.800   1.0000    strongNoGo
 82.8000    1    1.800   1.0000      strongGo
 84.6000    1    1.800   1.0000      strongGo
 86.4000    1    1.800   1.0000      strongGo
 88.2000    0    1.800   1.0000          NULL 
 90.0000    1    1.800   1.0000      strongGo
 91.8000    5    1.800   1.0000         catch
 93.6000    3    1.800   1.0000        weakGo
 95.4000    3    1.800   1.0000        weakGo
 97.2000    5    1.800   1.0000         catch
