  0.0000    3    2.000   1.0000        weakGo
  2.0000    2    2.000   1.0000    strongNoGo
  4.0000    3    2.000   1.0000        weakGo
  6.0000    0    2.000   1.0000          NULL 
  8.0000    3    2.000   1.0000        weakGo
 10.0000    0    2.000   1.0000          NULL 
 12.0000    4    2.000   1.0000      weakNoGo
 14.0000    0    2.000   1.0000          NULL 
 16.0000    2    2.000   1.0000    strongNoGo
 18.0000    4    2.000   1.0000      weakNoGo
 20.0000    2    2.000   1.0000    strongNoGo
 22.0000    4    2.000   1.0000      weakNoGo
 24.0000    0    2.000   1.0000          NULL 
 26.0000    4    2.000   1.0000      weakNoGo
 28.0000    0    2.000   1.0000          NULL 
 30.0000    3    2.000   1.0000        weakGo
 32.0000    0    2.000   1.0000          NULL 
 34.0000    2    2.000   1.0000    strongNoGo
 36.0000    2    2.000   1.0000    strongNoGo
 38.0000    2    2.000   1.0000    strongNoGo
 40.0000    0    2.000   1.0000          NULL 
 42.0000    1    2.000   1.0000      strongGo
 44.0000    3    2.000   1.0000        weakGo
 46.0000    1    2.000   1.0000      strongGo
 48.0000    4    2.000   1.0000      weakNoGo
 50.0000    0    2.000   1.0000          NULL 
 52.0000    3    2.000   1.0000        weakGo
 54.0000    2    2.000   1.0000    strongNoGo
 56.0000    0    2.000   1.0000          NULL 
 58.0000    5    2.000   1.0000         catch
 60.0000    1    2.000   1.0000      strongGo
 62.0000    0    2.000   1.0000          NULL 
 64.0000    3    2.000   1.0000        weakGo
 66.0000    0    2.000   1.0000          NULL 
 68.0000    4    2.000   1.0000      weakNoGo
 70.0000    4    2.000   1.0000      weakNoGo
 72.0000    0    2.000   1.0000          NULL 
 74.0000    3    2.000   1.0000        weakGo
 76.0000    0    4.000   1.0000          NULL 
 80.0000    1    2.000   1.0000      strongGo
 82.0000    4    2.000   1.0000      weakNoGo
 84.0000    0    2.000   1.0000          NULL 
 86.0000    1    2.000   1.0000      strongGo
 88.0000    0   10.000   1.0000          NULL 
 98.0000    5    2.000   1.0000         catch
100.0000    5    2.000   1.0000         catch
102.0000    5    2.000   1.0000         catch
104.0000    0    2.000   1.0000          NULL 
106.0000    1    2.000   1.0000      strongGo
108.0000    1    2.000   1.0000      strongGo
110.0000    0    6.000   1.0000          NULL 
116.0000    2    2.000   1.0000    strongNoGo
118.0000    1    2.000   1.0000      strongGo
