  0.0000    1    1.800   1.0000        weakGo
  1.8000    1    1.800   1.0000        weakGo
  3.6000    0    1.800   1.0000          NULL 
  5.4000    4    1.800   1.0000    strongNoGo
  7.2000    3    1.800   1.0000      weakNoGo
  9.0000    4    1.800   1.0000    strongNoGo
 10.8000    2    1.800   1.0000      strongGo
 12.6000    1    1.800   1.0000        weakGo
 14.4000    4    1.800   1.0000    strongNoGo
 16.2000    2    1.800   1.0000      strongGo
 18.0000    4    1.800   1.0000    strongNoGo
 19.8000    1    1.800   1.0000        weakGo
 21.6000    3    1.800   1.0000      weakNoGo
 23.4000    3    1.800   1.0000      weakNoGo
 25.2000    0    3.600   1.0000          NULL 
 28.8000    1    1.800   1.0000        weakGo
 30.6000    0    5.400   1.0000          NULL 
 36.0000    3    1.800   1.0000      weakNoGo
 37.8000    4    1.800   1.0000    strongNoGo
 39.6000    1    1.800   1.0000        weakGo
 41.4000    0    1.800   1.0000          NULL 
 43.2000    3    1.800   1.0000      weakNoGo
 45.0000    0    1.800   1.0000          NULL 
 46.8000    4    1.800   1.0000    strongNoGo
 48.6000    3    1.800   1.0000      weakNoGo
 50.4000    0    1.800   1.0000          NULL 
 52.2000    1    1.800   1.0000        weakGo
 54.0000    3    1.800   1.0000      weakNoGo
 55.8000    2    1.800   1.0000      strongGo
 57.6000    2    1.800   1.0000      strongGo
 59.4000    1    1.800   1.0000        weakGo
 61.2000    2    1.800   1.0000      strongGo
 63.0000    0    1.800   1.0000          NULL 
 64.8000    3    1.800   1.0000      weakNoGo
 66.6000    2    1.800   1.0000      strongGo
 68.4000    2    1.800   1.0000      strongGo
 70.2000    3    1.800   1.0000      weakNoGo
 72.0000    4    1.800   1.0000    strongNoGo
 73.8000    3    1.800   1.0000      weakNoGo
 75.6000    1    1.800   1.0000        weakGo
 77.4000    1    1.800   1.0000        weakGo
 79.2000    4    1.800   1.0000    strongNoGo
 81.0000    2    1.800   1.0000      strongGo
 82.8000    4    1.800   1.0000    strongNoGo
 84.6000    4    1.800   1.0000    strongNoGo
 86.4000    2    1.800   1.0000      strongGo
 88.2000    2    1.800   1.0000      strongGo
