  0.0000    3    2.000   1.0000        weakGo
  2.0000    1    2.000   1.0000      strongGo
  4.0000    4    2.000   1.0000      weakNoGo
  6.0000    4    2.000   1.0000      weakNoGo
  8.0000    2    2.000   1.0000    strongNoGo
 10.0000    0    2.000   1.0000          NULL 
 12.0000    4    2.000   1.0000      weakNoGo
 14.0000    0    2.000   1.0000          NULL 
 16.0000    1    2.000   1.0000      strongGo
 18.0000    3    2.000   1.0000        weakGo
 20.0000    3    2.000   1.0000        weakGo
 22.0000    0    6.000   1.0000          NULL 
 28.0000    1    2.000   1.0000      strongGo
 30.0000    0    2.000   1.0000          NULL 
 32.0000    3    2.000   1.0000        weakGo
 34.0000    2    2.000   1.0000    strongNoGo
 36.0000    4    2.000   1.0000      weakNoGo
 38.0000    3    2.000   1.0000        weakGo
 40.0000    3    2.000   1.0000        weakGo
 42.0000    0    2.000   1.0000          NULL 
 44.0000    4    2.000   1.0000      weakNoGo
 46.0000    4    2.000   1.0000      weakNoGo
 48.0000    3    2.000   1.0000        weakGo
 50.0000    4    2.000   1.0000      weakNoGo
 52.0000    1    2.000   1.0000      strongGo
 54.0000    3    2.000   1.0000        weakGo
 56.0000    2    2.000   1.0000    strongNoGo
 58.0000    1    2.000   1.0000      strongGo
 60.0000    0    2.000   1.0000          NULL 
 62.0000    2    2.000   1.0000    strongNoGo
 64.0000    2    2.000   1.0000    strongNoGo
 66.0000    1    2.000   1.0000      strongGo
 68.0000    0    2.000   1.0000          NULL 
 70.0000    5    2.000   1.0000         catch
 72.0000    0    2.000   1.0000          NULL 
 74.0000    2    2.000   1.0000    strongNoGo
 76.0000    2    2.000   1.0000    strongNoGo
 78.0000    1    2.000   1.0000      strongGo
 80.0000    1    2.000   1.0000      strongGo
 82.0000    2    2.000   1.0000    strongNoGo
 84.0000    5    2.000   1.0000         catch
 86.0000    4    2.000   1.0000      weakNoGo
 88.0000    5    2.000   1.0000         catch
 90.0000    5    2.000   1.0000         catch
