  0.0000    2    1.800   1.0000      strongGo
  1.8000    0    1.800   1.0000          NULL 
  3.6000    3    1.800   1.0000      weakNoGo
  5.4000    3    1.800   1.0000      weakNoGo
  7.2000    3    1.800   1.0000      weakNoGo
  9.0000    1    1.800   1.0000        weakGo
 10.8000    2    1.800   1.0000      strongGo
 12.6000    3    1.800   1.0000      weakNoGo
 14.4000    1    1.800   1.0000        weakGo
 16.2000    1    1.800   1.0000        weakGo
 18.0000    1    1.800   1.0000        weakGo
 19.8000    0    3.600   1.0000          NULL 
 23.4000    4    1.800   1.0000    strongNoGo
 25.2000    1    1.800   1.0000        weakGo
 27.0000    4    1.800   1.0000    strongNoGo
 28.8000    2    1.800   1.0000      strongGo
 30.6000    0    5.400   1.0000          NULL 
 36.0000    1    1.800   1.0000        weakGo
 37.8000    2    1.800   1.0000      strongGo
 39.6000    3    1.800   1.0000      weakNoGo
 41.4000    1    1.800   1.0000        weakGo
 43.2000    1    1.800   1.0000        weakGo
 45.0000    2    1.800   1.0000      strongGo
 46.8000    1    1.800   1.0000        weakGo
 48.6000    3    1.800   1.0000      weakNoGo
 50.4000    4    1.800   1.0000    strongNoGo
 52.2000    3    1.800   1.0000      weakNoGo
 54.0000    2    1.800   1.0000      strongGo
 55.8000    1    1.800   1.0000        weakGo
 57.6000    0    1.800   1.0000          NULL 
 59.4000    4    1.800   1.0000    strongNoGo
 61.2000    2    1.800   1.0000      strongGo
 63.0000    3    1.800   1.0000      weakNoGo
 64.8000    4    1.800   1.0000    strongNoGo
 66.6000    2    1.800   1.0000      strongGo
 68.4000    0    1.800   1.0000          NULL 
 70.2000    2    1.800   1.0000      strongGo
 72.0000    3    1.800   1.0000      weakNoGo
 73.8000    2    1.800   1.0000      strongGo
 75.6000    4    1.800   1.0000    strongNoGo
 77.4000    4    1.800   1.0000    strongNoGo
 79.2000    4    1.800   1.0000    strongNoGo
 81.0000    3    1.800   1.0000      weakNoGo
 82.8000    0    1.800   1.0000          NULL 
 84.6000    4    1.800   1.0000    strongNoGo
 86.4000    0    1.800   1.0000          NULL 
 88.2000    4    1.800   1.0000    strongNoGo
