  0.0000    4    2.000   1.0000      weakNoGo
  2.0000    4    2.000   1.0000      weakNoGo
  4.0000    2    2.000   1.0000    strongNoGo
  6.0000    4    2.000   1.0000      weakNoGo
  8.0000    2    2.000   1.0000    strongNoGo
 10.0000    5    2.000   1.0000         catch
 12.0000    3    2.000   1.0000        weakGo
 14.0000    1    2.000   1.0000      strongGo
 16.0000    0    4.000   1.0000          NULL 
 20.0000    4    2.000   1.0000      weakNoGo
 22.0000    5    2.000   1.0000         catch
 24.0000    4    2.000   1.0000      weakNoGo
 26.0000    3    2.000   1.0000        weakGo
 28.0000    3    2.000   1.0000        weakGo
 30.0000    0    2.000   1.0000          NULL 
 32.0000    1    2.000   1.0000      strongGo
 34.0000    0    4.000   1.0000          NULL 
 38.0000    3    2.000   1.0000        weakGo
 40.0000    2    2.000   1.0000    strongNoGo
 42.0000    3    2.000   1.0000        weakGo
 44.0000    2    2.000   1.0000    strongNoGo
 46.0000    2    2.000   1.0000    strongNoGo
 48.0000    4    2.000   1.0000      weakNoGo
 50.0000    0    2.000   1.0000          NULL 
 52.0000    1    2.000   1.0000      strongGo
 54.0000    1    2.000   1.0000      strongGo
 56.0000    3    2.000   1.0000        weakGo
 58.0000    1    2.000   1.0000      strongGo
 60.0000    5    2.000   1.0000         catch
 62.0000    0    2.000   1.0000          NULL 
 64.0000    2    2.000   1.0000    strongNoGo
 66.0000    0    2.000   1.0000          NULL 
 68.0000    4    2.000   1.0000      weakNoGo
 70.0000    2    2.000   1.0000    strongNoGo
 72.0000    4    2.000   1.0000      weakNoGo
 74.0000    3    2.000   1.0000        weakGo
 76.0000    0    2.000   1.0000          NULL 
 78.0000    5    2.000   1.0000         catch
 80.0000    2    2.000   1.0000    strongNoGo
 82.0000    3    2.000   1.0000        weakGo
 84.0000    1    2.000   1.0000      strongGo
 86.0000    1    2.000   1.0000      strongGo
 88.0000    1    2.000   1.0000      strongGo
 90.0000    0    2.000   1.0000          NULL 
