  0.0000    3    2.000   1.0000        weakGo
  2.0000    1    2.000   1.0000      strongGo
  4.0000    4    2.000   1.0000      weakNoGo
  6.0000    5    2.000   1.0000         catch
  8.0000    2    2.000   1.0000    strongNoGo
 10.0000    0    2.000   1.0000          NULL 
 12.0000    4    2.000   1.0000      weakNoGo
 14.0000    1    2.000   1.0000      strongGo
 16.0000    1    2.000   1.0000      strongGo
 18.0000    4    2.000   1.0000      weakNoGo
 20.0000    1    2.000   1.0000      strongGo
 22.0000    0    2.000   1.0000          NULL 
 24.0000    4    2.000   1.0000      weakNoGo
 26.0000    3    2.000   1.0000        weakGo
 28.0000    4    2.000   1.0000      weakNoGo
 30.0000    0    2.000   1.0000          NULL 
 32.0000    4    2.000   1.0000      weakNoGo
 34.0000    3    2.000   1.0000        weakGo
 36.0000    0    2.000   1.0000          NULL 
 38.0000    2    2.000   1.0000    strongNoGo
 40.0000    0    2.000   1.0000          NULL 
 42.0000    1    2.000   1.0000      strongGo
 44.0000    3    2.000   1.0000        weakGo
 46.0000    0    2.000   1.0000          NULL 
 48.0000    1    2.000   1.0000      strongGo
 50.0000    3    2.000   1.0000        weakGo
 52.0000    3    2.000   1.0000        weakGo
 54.0000    0    2.000   1.0000          NULL 
 56.0000    4    2.000   1.0000      weakNoGo
 58.0000    4    2.000   1.0000      weakNoGo
 60.0000    1    2.000   1.0000      strongGo
 62.0000    5    2.000   1.0000         catch
 64.0000    2    2.000   1.0000    strongNoGo
 66.0000    2    2.000   1.0000    strongNoGo
 68.0000    0    2.000   1.0000          NULL 
 70.0000    3    2.000   1.0000        weakGo
 72.0000    5    2.000   1.0000         catch
 74.0000    2    2.000   1.0000    strongNoGo
 76.0000    0    2.000   1.0000          NULL 
 78.0000    2    2.000   1.0000    strongNoGo
 80.0000    2    2.000   1.0000    strongNoGo
 82.0000    1    2.000   1.0000      strongGo
 84.0000    2    2.000   1.0000    strongNoGo
 86.0000    3    2.000   1.0000        weakGo
 88.0000    5    2.000   1.0000         catch
 90.0000    0    2.000   1.0000          NULL 
