  0.0000    1    2.000   1.0000      strongGo
  2.0000    0    4.000   1.0000          NULL 
  6.0000    1    2.000   1.0000      strongGo
  8.0000    5    2.000   1.0000         catch
 10.0000    0    2.000   1.0000          NULL 
 12.0000    3    2.000   1.0000        weakGo
 14.0000    3    2.000   1.0000        weakGo
 16.0000    1    2.000   1.0000      strongGo
 18.0000    3    2.000   1.0000        weakGo
 20.0000    2    2.000   1.0000    strongNoGo
 22.0000    4    2.000   1.0000      weakNoGo
 24.0000    2    2.000   1.0000    strongNoGo
 26.0000    3    2.000   1.0000        weakGo
 28.0000    4    2.000   1.0000      weakNoGo
 30.0000    4    2.000   1.0000      weakNoGo
 32.0000    0    2.000   1.0000          NULL 
 34.0000    4    2.000   1.0000      weakNoGo
 36.0000    3    2.000   1.0000        weakGo
 38.0000    2    2.000   1.0000    strongNoGo
 40.0000    1    2.000   1.0000      strongGo
 42.0000    3    2.000   1.0000        weakGo
 44.0000    5    2.000   1.0000         catch
 46.0000    1    2.000   1.0000      strongGo
 48.0000    0    2.000   1.0000          NULL 
 50.0000    1    2.000   1.0000      strongGo
 52.0000    4    2.000   1.0000      weakNoGo
 54.0000    0    2.000   1.0000          NULL 
 56.0000    3    2.000   1.0000        weakGo
 58.0000    4    2.000   1.0000      weakNoGo
 60.0000    4    2.000   1.0000      weakNoGo
 62.0000    1    2.000   1.0000      strongGo
 64.0000    2    2.000   1.0000    strongNoGo
 66.0000    0    2.000   1.0000          NULL 
 68.0000    2    2.000   1.0000    strongNoGo
 70.0000    3    2.000   1.0000        weakGo
 72.0000    4    2.000   1.0000      weakNoGo
 74.0000    2    2.000   1.0000    strongNoGo
 76.0000    0    4.000   1.0000          NULL 
 80.0000    5    2.000   1.0000         catch
 82.0000    2    2.000   1.0000    strongNoGo
 84.0000    5    2.000   1.0000         catch
 86.0000    2    2.000   1.0000    strongNoGo
 88.0000    0    2.000   1.0000          NULL 
 90.0000    1    2.000   1.0000      strongGo
