  0.0000    1    1.800   1.0000        weakGo
  1.8000    2    1.800   1.0000      strongGo
  3.6000    1    1.800   1.0000        weakGo
  5.4000    4    1.800   1.0000    strongNoGo
  7.2000    3    1.800   1.0000      weakNoGo
  9.0000    2    1.800   1.0000      strongGo
 10.8000    1    1.800   1.0000        weakGo
 12.6000    3    1.800   1.0000      weakNoGo
 14.4000    0    1.800   1.0000          NULL 
 16.2000    2    1.800   1.0000      strongGo
 18.0000    2    1.800   1.0000      strongGo
 19.8000    0    1.800   1.0000          NULL 
 21.6000    3    1.800   1.0000      weakNoGo
 23.4000    1    1.800   1.0000        weakGo
 25.2000    4    1.800   1.0000    strongNoGo
 27.0000    3    1.800   1.0000      weakNoGo
 28.8000    2    1.800   1.0000      strongGo
 30.6000    2    1.800   1.0000      strongGo
 32.4000    1    1.800   1.0000        weakGo
 34.2000    0    1.800   1.0000          NULL 
 36.0000    2    1.800   1.0000      strongGo
 37.8000    3    1.800   1.0000      weakNoGo
 39.6000    0    1.800   1.0000          NULL 
 41.4000    1    1.800   1.0000        weakGo
 43.2000    2    1.800   1.0000      strongGo
 45.0000    4    1.800   1.0000    strongNoGo
 46.8000    0    1.800   1.0000          NULL 
 48.6000    4    1.800   1.0000    strongNoGo
 50.4000    1    1.800   1.0000        weakGo
 52.2000    4    1.800   1.0000    strongNoGo
 54.0000    1    1.800   1.0000        weakGo
 55.8000    1    1.800   1.0000        weakGo
 57.6000    3    1.800   1.0000      weakNoGo
 59.4000    2    1.800   1.0000      strongGo
 61.2000    4    1.800   1.0000    strongNoGo
 63.0000    0    1.800   1.0000          NULL 
 64.8000    3    1.800   1.0000      weakNoGo
 66.6000    1    1.800   1.0000        weakGo
 68.4000    0    3.600   1.0000          NULL 
 72.0000    4    1.800   1.0000    strongNoGo
 73.8000    0    1.800   1.0000          NULL 
 75.6000    4    1.800   1.0000    strongNoGo
 77.4000    3    1.800   1.0000      weakNoGo
 79.2000    3    1.800   1.0000      weakNoGo
 81.0000    3    1.800   1.0000      weakNoGo
 82.8000    4    1.800   1.0000    strongNoGo
 84.6000    0    1.800   1.0000          NULL 
 86.4000    4    1.800   1.0000    strongNoGo
 88.2000    2    1.800   1.0000      strongGo
