  0.0000    4    1.800   1.0000    strongNoGo
  1.8000    3    1.800   1.0000      weakNoGo
  3.6000    2    1.800   1.0000      strongGo
  5.4000    3    1.800   1.0000      weakNoGo
  7.2000    1    1.800   1.0000        weakGo
  9.0000    2    1.800   1.0000      strongGo
 10.8000    0    1.800   1.0000          NULL 
 12.6000    3    1.800   1.0000      weakNoGo
 14.4000    3    1.800   1.0000      weakNoGo
 16.2000    1    1.800   1.0000        weakGo
 18.0000    2    1.800   1.0000      strongGo
 19.8000    0    1.800   1.0000          NULL 
 21.6000    3    1.800   1.0000      weakNoGo
 23.4000    4    1.800   1.0000    strongNoGo
 25.2000    0    1.800   1.0000          NULL 
 27.0000    3    1.800   1.0000      weakNoGo
 28.8000    0    1.800   1.0000          NULL 
 30.6000    1    1.800   1.0000        weakGo
 32.4000    2    1.800   1.0000      strongGo
 34.2000    2    1.800   1.0000      strongGo
 36.0000    0    1.800   1.0000          NULL 
 37.8000    2    1.800   1.0000      strongGo
 39.6000    3    1.800   1.0000      weakNoGo
 41.4000    2    1.800   1.0000      strongGo
 43.2000    1    1.800   1.0000        weakGo
 45.0000    4    1.800   1.0000    strongNoGo
 46.8000    3    1.800   1.0000      weakNoGo
 48.6000    3    1.800   1.0000      weakNoGo
 50.4000    0    3.600   1.0000          NULL 
 54.0000    1    1.800   1.0000        weakGo
 55.8000    0    1.800   1.0000          NULL 
 57.6000    4    1.800   1.0000    strongNoGo
 59.4000    1    1.800   1.0000        weakGo
 61.2000    0    1.800   1.0000          NULL 
 63.0000    1    1.800   1.0000        weakGo
 64.8000    4    1.800   1.0000    strongNoGo
 66.6000    4    1.800   1.0000    strongNoGo
 68.4000    1    1.800   1.0000        weakGo
 70.2000    1    1.800   1.0000        weakGo
 72.0000    3    1.800   1.0000      weakNoGo
 73.8000    0    1.800   1.0000          NULL 
 75.6000    4    1.800   1.0000    strongNoGo
 77.4000    2    1.800   1.0000      strongGo
 79.2000    4    1.800   1.0000    strongNoGo
 81.0000    2    1.800   1.0000      strongGo
 82.8000    1    1.800   1.0000        weakGo
 84.6000    2    1.800   1.0000      strongGo
 86.4000    4    1.800   1.0000    strongNoGo
 88.2000    4    1.800   1.0000    strongNoGo
