  0.0000    5    2.000   1.0000         catch
  2.0000    5    2.000   1.0000         catch
  4.0000    4    2.000   1.0000      weakNoGo
  6.0000    0    2.000   1.0000          NULL 
  8.0000    1    2.000   1.0000      strongGo
 10.0000    0    2.000   1.0000          NULL 
 12.0000    4    2.000   1.0000      weakNoGo
 14.0000    0    2.000   1.0000          NULL 
 16.0000    4    2.000   1.0000      weakNoGo
 18.0000    0    2.000   1.0000          NULL 
 20.0000    2    2.000   1.0000    strongNoGo
 22.0000    2    2.000   1.0000    strongNoGo
 24.0000    1    2.000   1.0000      strongGo
 26.0000    4    2.000   1.0000      weakNoGo
 28.0000    3    2.000   1.0000        weakGo
 30.0000    0    4.000   1.0000          NULL 
 34.0000    3    2.000   1.0000        weakGo
 36.0000    1    2.000   1.0000      strongGo
 38.0000    2    2.000   1.0000    strongNoGo
 40.0000    2    2.000   1.0000    strongNoGo
 42.0000    3    2.000   1.0000        weakGo
 44.0000    0    4.000   1.0000          NULL 
 48.0000    4    2.000   1.0000      weakNoGo
 50.0000    4    2.000   1.0000      weakNoGo
 52.0000    0    2.000   1.0000          NULL 
 54.0000    3    2.000   1.0000        weakGo
 56.0000    0    4.000   1.0000          NULL 
 60.0000    4    2.000   1.0000      weakNoGo
 62.0000    1    2.000   1.0000      strongGo
 64.0000    3    2.000   1.0000        weakGo
 66.0000    5    2.000   1.0000         catch
 68.0000    3    2.000   1.0000        weakGo
 70.0000    1    2.000   1.0000      strongGo
 72.0000    0    6.000   1.0000          NULL 
 78.0000    1    2.000   1.0000      strongGo
 80.0000    0    2.000   1.0000          NULL 
 82.0000    3    2.000   1.0000        weakGo
 84.0000    3    2.000   1.0000        weakGo
 86.0000    2    2.000   1.0000    strongNoGo
 88.0000    1    2.000   1.0000      strongGo
 90.0000    0    2.000   1.0000          NULL 
 92.0000    1    2.000   1.0000      strongGo
 94.0000    0    4.000   1.0000          NULL 
 98.0000    4    2.000   1.0000      weakNoGo
100.0000    2    2.000   1.0000    strongNoGo
102.0000    2    2.000   1.0000    strongNoGo
104.0000    0    2.000   1.0000          NULL 
106.0000    5    2.000   1.0000         catch
108.0000    0    2.000   1.0000          NULL 
110.0000    2    2.000   1.0000    strongNoGo
112.0000    0    8.000   1.0000          NULL 
