  0.0000    2    2.000   1.0000    strongNoGo
  2.0000    1    2.000   1.0000      strongGo
  4.0000    4    2.000   1.0000      weakNoGo
  6.0000    5    2.000   1.0000         catch
  8.0000    0    2.000   1.0000          NULL 
 10.0000    4    2.000   1.0000      weakNoGo
 12.0000    3    2.000   1.0000        weakGo
 14.0000    1    2.000   1.0000      strongGo
 16.0000    1    2.000   1.0000      strongGo
 18.0000    1    2.000   1.0000      strongGo
 20.0000    0    2.000   1.0000          NULL 
 22.0000    4    2.000   1.0000      weakNoGo
 24.0000    4    2.000   1.0000      weakNoGo
 26.0000    3    2.000   1.0000        weakGo
 28.0000    1    2.000   1.0000      strongGo
 30.0000    4    2.000   1.0000      weakNoGo
 32.0000    1    2.000   1.0000      strongGo
 34.0000    2    2.000   1.0000    strongNoGo
 36.0000    0    2.000   1.0000          NULL 
 38.0000    5    2.000   1.0000         catch
 40.0000    2    2.000   1.0000    strongNoGo
 42.0000    0    2.000   1.0000          NULL 
 44.0000    2    2.000   1.0000    strongNoGo
 46.0000    2    2.000   1.0000    strongNoGo
 48.0000    2    2.000   1.0000    strongNoGo
 50.0000    4    2.000   1.0000      weakNoGo
 52.0000    0    2.000   1.0000          NULL 
 54.0000    3    2.000   1.0000        weakGo
 56.0000    4    2.000   1.0000      weakNoGo
 58.0000    0    2.000   1.0000          NULL 
 60.0000    4    2.000   1.0000      weakNoGo
 62.0000    2    2.000   1.0000    strongNoGo
 64.0000    0    2.000   1.0000          NULL 
 66.0000    3    2.000   1.0000        weakGo
 68.0000    2    2.000   1.0000    strongNoGo
 70.0000    0    2.000   1.0000          NULL 
 72.0000    3    2.000   1.0000        weakGo
 74.0000    3    2.000   1.0000        weakGo
 76.0000    0    2.000   1.0000          NULL 
 78.0000    1    2.000   1.0000      strongGo
 80.0000    5    2.000   1.0000         catch
 82.0000    3    2.000   1.0000        weakGo
 84.0000    3    2.000   1.0000        weakGo
 86.0000    5    2.000   1.0000         catch
 88.0000    1    2.000   1.0000      strongGo
 90.0000    0    2.000   1.0000          NULL 
