  0.0000    3    2.000   1.0000        weakGo
  2.0000    3    2.000   1.0000        weakGo
  4.0000    1    2.000   1.0000      strongGo
  6.0000    0    2.000   1.0000          NULL 
  8.0000    1    2.000   1.0000      strongGo
 10.0000    4    2.000   1.0000      weakNoGo
 12.0000    3    2.000   1.0000        weakGo
 14.0000    0    2.000   1.0000          NULL 
 16.0000    2    2.000   1.0000    strongNoGo
 18.0000    1    2.000   1.0000      strongGo
 20.0000    4    2.000   1.0000      weakNoGo
 22.0000    4    2.000   1.0000      weakNoGo
 24.0000    2    2.000   1.0000    strongNoGo
 26.0000    0    2.000   1.0000          NULL 
 28.0000    3    2.000   1.0000        weakGo
 30.0000    4    2.000   1.0000      weakNoGo
 32.0000    0    2.000   1.0000          NULL 
 34.0000    4    2.000   1.0000      weakNoGo
 36.0000    1    2.000   1.0000      strongGo
 38.0000    1    2.000   1.0000      strongGo
 40.0000    1    2.000   1.0000      strongGo
 42.0000    2    2.000   1.0000    strongNoGo
 44.0000    2    2.000   1.0000    strongNoGo
 46.0000    2    2.000   1.0000    strongNoGo
 48.0000    0    2.000   1.0000          NULL 
 50.0000    5    2.000   1.0000         catch
 52.0000    3    2.000   1.0000        weakGo
 54.0000    5    2.000   1.0000         catch
 56.0000    4    2.000   1.0000      weakNoGo
 58.0000    0    4.000   1.0000          NULL 
 62.0000    2    2.000   1.0000    strongNoGo
 64.0000    4    2.000   1.0000      weakNoGo
 66.0000    5    2.000   1.0000         catch
 68.0000    3    2.000   1.0000        weakGo
 70.0000    4    2.000   1.0000      weakNoGo
 72.0000    3    2.000   1.0000        weakGo
 74.0000    2    2.000   1.0000    strongNoGo
 76.0000    0    2.000   1.0000          NULL 
 78.0000    3    2.000   1.0000        weakGo
 80.0000    2    2.000   1.0000    strongNoGo
 82.0000    1    2.000   1.0000      strongGo
 84.0000    0    2.000   1.0000          NULL 
 86.0000    5    2.000   1.0000         catch
 88.0000    0    2.000   1.0000          NULL 
 90.0000    1    2.000   1.0000      strongGo
