  0.0000    4    2.000   1.0000      weakNoGo
  2.0000    4    2.000   1.0000      weakNoGo
  4.0000    5    2.000   1.0000         catch
  6.0000    5    2.000   1.0000         catch
  8.0000    2    2.000   1.0000    strongNoGo
 10.0000    4    2.000   1.0000      weakNoGo
 12.0000    1    2.000   1.0000      strongGo
 14.0000    4    2.000   1.0000      weakNoGo
 16.0000    3    2.000   1.0000        weakGo
 18.0000    0    2.000   1.0000          NULL 
 20.0000    3    2.000   1.0000        weakGo
 22.0000    1    2.000   1.0000      strongGo
 24.0000    3    2.000   1.0000        weakGo
 26.0000    2    2.000   1.0000    strongNoGo
 28.0000    4    2.000   1.0000      weakNoGo
 30.0000    0    8.000   1.0000          NULL 
 38.0000    2    2.000   1.0000    strongNoGo
 40.0000    0    2.000   1.0000          NULL 
 42.0000    1    2.000   1.0000      strongGo
 44.0000    2    2.000   1.0000    strongNoGo
 46.0000    2    2.000   1.0000    strongNoGo
 48.0000    1    2.000   1.0000      strongGo
 50.0000    5    2.000   1.0000         catch
 52.0000    4    2.000   1.0000      weakNoGo
 54.0000    2    2.000   1.0000    strongNoGo
 56.0000    4    2.000   1.0000      weakNoGo
 58.0000    0    2.000   1.0000          NULL 
 60.0000    5    2.000   1.0000         catch
 62.0000    3    2.000   1.0000        weakGo
 64.0000    3    2.000   1.0000        weakGo
 66.0000    2    2.000   1.0000    strongNoGo
 68.0000    3    2.000   1.0000        weakGo
 70.0000    4    2.000   1.0000      weakNoGo
 72.0000    1    2.000   1.0000      strongGo
 74.0000    1    2.000   1.0000      strongGo
 76.0000    3    2.000   1.0000        weakGo
 78.0000    4    2.000   1.0000      weakNoGo
 80.0000    3    2.000   1.0000        weakGo
 82.0000    0    2.000   1.0000          NULL 
 84.0000    5    2.000   1.0000         catch
 86.0000    5    2.000   1.0000         catch
 88.0000    2    2.000   1.0000    strongNoGo
 90.0000    2    2.000   1.0000    strongNoGo
 92.0000    5    2.000   1.0000         catch
 94.0000    3    2.000   1.0000        weakGo
 96.0000    3    2.000   1.0000        weakGo
 98.0000    2    2.000   1.0000    strongNoGo
100.0000    2    2.000   1.0000    strongNoGo
102.0000    4    2.000   1.0000      weakNoGo
104.0000    3    2.000   1.0000        weakGo
106.0000    5    2.000   1.0000         catch
108.0000    1    2.000   1.0000      strongGo
110.0000    3    2.000   1.0000        weakGo
112.0000    5    2.000   1.0000         catch
114.0000    1    2.000   1.0000      strongGo
116.0000    1    2.000   1.0000      strongGo
118.0000    2    2.000   1.0000    strongNoGo
120.0000    1    2.000   1.0000      strongGo
122.0000    3    2.000   1.0000        weakGo
124.0000    0    2.000   1.0000          NULL 
126.0000    2    2.000   1.0000    strongNoGo
128.0000    0    2.000   1.0000          NULL 
130.0000    4    2.000   1.0000      weakNoGo
132.0000    2    2.000   1.0000    strongNoGo
134.0000    4    2.000   1.0000      weakNoGo
136.0000    4    2.000   1.0000      weakNoGo
138.0000    4    2.000   1.0000      weakNoGo
140.0000    2    2.000   1.0000    strongNoGo
142.0000    3    2.000   1.0000        weakGo
144.0000    4    2.000   1.0000      weakNoGo
146.0000    1    2.000   1.0000      strongGo
148.0000    0    4.000   1.0000          NULL 
152.0000    3    2.000   1.0000        weakGo
154.0000    1    2.000   1.0000      strongGo
156.0000    2    2.000   1.0000    strongNoGo
158.0000    2    2.000   1.0000    strongNoGo
160.0000    3    2.000   1.0000        weakGo
162.0000    4    2.000   1.0000      weakNoGo
164.0000    3    2.000   1.0000        weakGo
166.0000    3    2.000   1.0000        weakGo
168.0000    0    4.000   1.0000          NULL 
172.0000    3    2.000   1.0000        weakGo
174.0000    0    2.000   1.0000          NULL 
176.0000    1    2.000   1.0000      strongGo
178.0000    2    2.000   1.0000    strongNoGo
180.0000    1    2.000   1.0000      strongGo
182.0000    1    2.000   1.0000      strongGo
184.0000    4    2.000   1.0000      weakNoGo
186.0000    0    2.000   1.0000          NULL 
188.0000    4    2.000   1.0000      weakNoGo
190.0000    1    2.000   1.0000      strongGo
192.0000    2    2.000   1.0000    strongNoGo
194.0000    0    2.000   1.0000          NULL 
196.0000    1    2.000   1.0000      strongGo
198.0000    0    4.000   1.0000          NULL 
202.0000    3    2.000   1.0000        weakGo
204.0000    3    2.000   1.0000        weakGo
206.0000    4    2.000   1.0000      weakNoGo
208.0000    0    2.000   1.0000          NULL 
210.0000    1    2.000   1.0000      strongGo
212.0000    4    2.000   1.0000      weakNoGo
214.0000    0    2.000   1.0000          NULL 
216.0000    3    2.000   1.0000        weakGo
218.0000    2    2.000   1.0000    strongNoGo
220.0000    1    2.000   1.0000      strongGo
222.0000    4    2.000   1.0000      weakNoGo
224.0000    0    2.000   1.0000          NULL 
226.0000    2    2.000   1.0000    strongNoGo
228.0000    5    2.000   1.0000         catch
230.0000    0    2.000   1.0000          NULL 
232.0000    1    2.000   1.0000      strongGo
234.0000    5    2.000   1.0000         catch
236.0000    4    2.000   1.0000      weakNoGo
238.0000    2    2.000   1.0000    strongNoGo
240.0000    3    2.000   1.0000        weakGo
242.0000    4    2.000   1.0000      weakNoGo
244.0000    3    2.000   1.0000        weakGo
246.0000    5    2.000   1.0000         catch
248.0000    4    2.000   1.0000      weakNoGo
250.0000    3    2.000   1.0000        weakGo
252.0000    3    2.000   1.0000        weakGo
254.0000    0    2.000   1.0000          NULL 
256.0000    4    2.000   1.0000      weakNoGo
258.0000    5    2.000   1.0000         catch
260.0000    3    2.000   1.0000        weakGo
262.0000    4    2.000   1.0000      weakNoGo
264.0000    2    2.000   1.0000    strongNoGo
266.0000    2    2.000   1.0000    strongNoGo
268.0000    0    2.000   1.0000          NULL 
270.0000    3    2.000   1.0000        weakGo
272.0000    2    2.000   1.0000    strongNoGo
274.0000    1    2.000   1.0000      strongGo
276.0000    0    2.000   1.0000          NULL 
278.0000    1    2.000   1.0000      strongGo
280.0000    2    2.000   1.0000    strongNoGo
282.0000    3    2.000   1.0000        weakGo
284.0000    2    2.000   1.0000    strongNoGo
286.0000    0    2.000   1.0000          NULL 
288.0000    1    2.000   1.0000      strongGo
290.0000    0    2.000   1.0000          NULL 
292.0000    4    2.000   1.0000      weakNoGo
294.0000    1    2.000   1.0000      strongGo
296.0000    3    2.000   1.0000        weakGo
298.0000    0    2.000   1.0000          NULL 
300.0000    1    2.000   1.0000      strongGo
302.0000    4    2.000   1.0000      weakNoGo
304.0000    5    2.000   1.0000         catch
306.0000    4    2.000   1.0000      weakNoGo
308.0000    4    2.000   1.0000      weakNoGo
310.0000    0    2.000   1.0000          NULL 
312.0000    1    2.000   1.0000      strongGo
314.0000    5    2.000   1.0000         catch
316.0000    0    2.000   1.0000          NULL 
318.0000    4    2.000   1.0000      weakNoGo
320.0000    2    2.000   1.0000    strongNoGo
322.0000    1    2.000   1.0000      strongGo
324.0000    1    2.000   1.0000      strongGo
326.0000    0    2.000   1.0000          NULL 
328.0000    3    2.000   1.0000        weakGo
330.0000    1    2.000   1.0000      strongGo
332.0000    2    2.000   1.0000    strongNoGo
334.0000    3    2.000   1.0000        weakGo
336.0000    1    2.000   1.0000      strongGo
338.0000    2    2.000   1.0000    strongNoGo
340.0000    4    2.000   1.0000      weakNoGo
342.0000    1    2.000   1.0000      strongGo
344.0000    5    2.000   1.0000         catch
346.0000    0    2.000   1.0000          NULL 
348.0000    1    2.000   1.0000      strongGo
350.0000    0    2.000   1.0000          NULL 
352.0000    2    2.000   1.0000    strongNoGo
354.0000    2    2.000   1.0000    strongNoGo
