  0.0000    1    2.000   1.0000      strongGo
  2.0000    1    2.000   1.0000      strongGo
  4.0000    2    2.000   1.0000    strongNoGo
  6.0000    2    2.000   1.0000    strongNoGo
  8.0000    4    2.000   1.0000      weakNoGo
 10.0000    2    2.000   1.0000    strongNoGo
 12.0000    3    2.000   1.0000        weakGo
 14.0000    5    2.000   1.0000         catch
 16.0000    2    2.000   1.0000    strongNoGo
 18.0000    5    2.000   1.0000         catch
 20.0000    0    2.000   1.0000          NULL 
 22.0000    2    2.000   1.0000    strongNoGo
 24.0000    3    2.000   1.0000        weakGo
 26.0000    4    2.000   1.0000      weakNoGo
 28.0000    5    2.000   1.0000         catch
 30.0000    0    2.000   1.0000          NULL 
 32.0000    3    2.000   1.0000        weakGo
 34.0000    1    2.000   1.0000      strongGo
 36.0000    0    2.000   1.0000          NULL 
 38.0000    1    2.000   1.0000      strongGo
 40.0000    2    2.000   1.0000    strongNoGo
 42.0000    4    2.000   1.0000      weakNoGo
 44.0000    2    2.000   1.0000    strongNoGo
 46.0000    3    2.000   1.0000        weakGo
 48.0000    4    2.000   1.0000      weakNoGo
 50.0000    3    2.000   1.0000        weakGo
 52.0000    4    2.000   1.0000      weakNoGo
 54.0000    2    2.000   1.0000    strongNoGo
 56.0000    0    4.000   1.0000          NULL 
 60.0000    4    2.000   1.0000      weakNoGo
 62.0000    0    2.000   1.0000          NULL 
 64.0000    5    2.000   1.0000         catch
 66.0000    4    2.000   1.0000      weakNoGo
 68.0000    5    2.000   1.0000         catch
 70.0000    2    2.000   1.0000    strongNoGo
 72.0000    3    2.000   1.0000        weakGo
 74.0000    3    2.000   1.0000        weakGo
 76.0000    2    2.000   1.0000    strongNoGo
 78.0000    3    2.000   1.0000        weakGo
 80.0000    2    2.000   1.0000    strongNoGo
 82.0000    0    2.000   1.0000          NULL 
 84.0000    2    2.000   1.0000    strongNoGo
 86.0000    5    2.000   1.0000         catch
 88.0000    2    2.000   1.0000    strongNoGo
 90.0000    4    2.000   1.0000      weakNoGo
 92.0000    3    2.000   1.0000        weakGo
 94.0000    1    2.000   1.0000      strongGo
 96.0000    4    2.000   1.0000      weakNoGo
 98.0000    4    2.000   1.0000      weakNoGo
100.0000    3    2.000   1.0000        weakGo
102.0000    3    2.000   1.0000        weakGo
104.0000    1    2.000   1.0000      strongGo
106.0000    3    2.000   1.0000        weakGo
108.0000    3    2.000   1.0000        weakGo
110.0000    3    2.000   1.0000        weakGo
112.0000    3    2.000   1.0000        weakGo
114.0000    0    2.000   1.0000          NULL 
116.0000    4    2.000   1.0000      weakNoGo
118.0000    0    2.000   1.0000          NULL 
120.0000    1    2.000   1.0000      strongGo
122.0000    2    2.000   1.0000    strongNoGo
124.0000    1    2.000   1.0000      strongGo
126.0000    1    2.000   1.0000      strongGo
128.0000    0    4.000   1.0000          NULL 
132.0000    3    2.000   1.0000        weakGo
134.0000    4    2.000   1.0000      weakNoGo
136.0000    0    2.000   1.0000          NULL 
138.0000    5    2.000   1.0000         catch
140.0000    0    2.000   1.0000          NULL 
142.0000    1    2.000   1.0000      strongGo
144.0000    5    2.000   1.0000         catch
146.0000    3    2.000   1.0000        weakGo
148.0000    5    2.000   1.0000         catch
150.0000    0    2.000   1.0000          NULL 
152.0000    2    2.000   1.0000    strongNoGo
154.0000    4    2.000   1.0000      weakNoGo
156.0000    4    2.000   1.0000      weakNoGo
158.0000    4    2.000   1.0000      weakNoGo
160.0000    2    2.000   1.0000    strongNoGo
162.0000    0    2.000   1.0000          NULL 
164.0000    2    2.000   1.0000    strongNoGo
166.0000    3    2.000   1.0000        weakGo
168.0000    1    2.000   1.0000      strongGo
170.0000    5    2.000   1.0000         catch
172.0000    2    2.000   1.0000    strongNoGo
174.0000    1    2.000   1.0000      strongGo
176.0000    3    2.000   1.0000        weakGo
178.0000    4    2.000   1.0000      weakNoGo
180.0000    4    2.000   1.0000      weakNoGo
182.0000    1    2.000   1.0000      strongGo
184.0000    5    2.000   1.0000         catch
186.0000    4    2.000   1.0000      weakNoGo
188.0000    3    2.000   1.0000        weakGo
190.0000    2    2.000   1.0000    strongNoGo
192.0000    3    2.000   1.0000        weakGo
194.0000    2    2.000   1.0000    strongNoGo
196.0000    3    2.000   1.0000        weakGo
198.0000    2    2.000   1.0000    strongNoGo
200.0000    0    2.000   1.0000          NULL 
202.0000    1    2.000   1.0000      strongGo
204.0000    1    2.000   1.0000      strongGo
206.0000    0    2.000   1.0000          NULL 
208.0000    3    2.000   1.0000        weakGo
210.0000    2    2.000   1.0000    strongNoGo
212.0000    1    2.000   1.0000      strongGo
214.0000    1    2.000   1.0000      strongGo
216.0000    3    2.000   1.0000        weakGo
218.0000    3    2.000   1.0000        weakGo
220.0000    4    2.000   1.0000      weakNoGo
222.0000    2    2.000   1.0000    strongNoGo
224.0000    0    2.000   1.0000          NULL 
226.0000    1    2.000   1.0000      strongGo
228.0000    5    2.000   1.0000         catch
230.0000    5    2.000   1.0000         catch
232.0000    2    2.000   1.0000    strongNoGo
234.0000    4    2.000   1.0000      weakNoGo
236.0000    4    2.000   1.0000      weakNoGo
238.0000    3    2.000   1.0000        weakGo
240.0000    2    2.000   1.0000    strongNoGo
242.0000    3    2.000   1.0000        weakGo
244.0000    1    2.000   1.0000      strongGo
246.0000    1    2.000   1.0000      strongGo
248.0000    0    2.000   1.0000          NULL 
250.0000    3    2.000   1.0000        weakGo
252.0000    0    6.000   1.0000          NULL 
258.0000    5    2.000   1.0000         catch
260.0000    4    2.000   1.0000      weakNoGo
262.0000    0    2.000   1.0000          NULL 
264.0000    2    2.000   1.0000    strongNoGo
266.0000    4    2.000   1.0000      weakNoGo
268.0000    0    2.000   1.0000          NULL 
270.0000    1    2.000   1.0000      strongGo
272.0000    0    2.000   1.0000          NULL 
274.0000    1    2.000   1.0000      strongGo
276.0000    2    2.000   1.0000    strongNoGo
278.0000    1    2.000   1.0000      strongGo
280.0000    2    2.000   1.0000    strongNoGo
282.0000    4    2.000   1.0000      weakNoGo
284.0000    1    2.000   1.0000      strongGo
286.0000    5    2.000   1.0000         catch
288.0000    0    2.000   1.0000          NULL 
290.0000    4    2.000   1.0000      weakNoGo
292.0000    2    2.000   1.0000    strongNoGo
294.0000    0    2.000   1.0000          NULL 
296.0000    2    2.000   1.0000    strongNoGo
298.0000    4    2.000   1.0000      weakNoGo
300.0000    0    2.000   1.0000          NULL 
302.0000    4    2.000   1.0000      weakNoGo
304.0000    1    2.000   1.0000      strongGo
306.0000    1    2.000   1.0000      strongGo
308.0000    0    2.000   1.0000          NULL 
310.0000    1    2.000   1.0000      strongGo
312.0000    0    2.000   1.0000          NULL 
314.0000    4    2.000   1.0000      weakNoGo
316.0000    1    2.000   1.0000      strongGo
318.0000    1    2.000   1.0000      strongGo
320.0000    3    2.000   1.0000        weakGo
322.0000    0    2.000   1.0000          NULL 
324.0000    1    2.000   1.0000      strongGo
326.0000    3    2.000   1.0000        weakGo
328.0000    3    2.000   1.0000        weakGo
330.0000    4    2.000   1.0000      weakNoGo
332.0000    3    2.000   1.0000        weakGo
334.0000    4    2.000   1.0000      weakNoGo
336.0000    2    2.000   1.0000    strongNoGo
338.0000    4    2.000   1.0000      weakNoGo
340.0000    1    2.000   1.0000      strongGo
342.0000    0    2.000   1.0000          NULL 
344.0000    1    2.000   1.0000      strongGo
346.0000    4    2.000   1.0000      weakNoGo
348.0000    5    2.000   1.0000         catch
350.0000    0    2.000   1.0000          NULL 
352.0000    2    2.000   1.0000    strongNoGo
354.0000    0    2.000   1.0000          NULL 
