  0.0000    1    2.000   1.0000      strongGo
  2.0000    2    2.000   1.0000    strongNoGo
  4.0000    2    2.000   1.0000    strongNoGo
  6.0000    3    2.000   1.0000        weakGo
  8.0000    0    2.000   1.0000          NULL 
 10.0000    3    2.000   1.0000        weakGo
 12.0000    0    2.000   1.0000          NULL 
 14.0000    2    2.000   1.0000    strongNoGo
 16.0000    4    2.000   1.0000      weakNoGo
 18.0000    3    2.000   1.0000        weakGo
 20.0000    3    2.000   1.0000        weakGo
 22.0000    4    2.000   1.0000      weakNoGo
 24.0000    1    2.000   1.0000      strongGo
 26.0000    4    2.000   1.0000      weakNoGo
 28.0000    2    2.000   1.0000    strongNoGo
 30.0000    5    2.000   1.0000         catch
 32.0000    1    2.000   1.0000      strongGo
 34.0000    2    2.000   1.0000    strongNoGo
 36.0000    4    2.000   1.0000      weakNoGo
 38.0000    0    2.000   1.0000          NULL 
 40.0000    2    2.000   1.0000    strongNoGo
 42.0000    0    2.000   1.0000          NULL 
 44.0000    1    2.000   1.0000      strongGo
 46.0000    1    2.000   1.0000      strongGo
 48.0000    5    2.000   1.0000         catch
 50.0000    1    2.000   1.0000      strongGo
 52.0000    2    2.000   1.0000    strongNoGo
 54.0000    4    2.000   1.0000      weakNoGo
 56.0000    3    2.000   1.0000        weakGo
 58.0000    2    2.000   1.0000    strongNoGo
 60.0000    4    2.000   1.0000      weakNoGo
 62.0000    3    2.000   1.0000        weakGo
 64.0000    0    2.000   1.0000          NULL 
 66.0000    3    2.000   1.0000        weakGo
 68.0000    5    2.000   1.0000         catch
 70.0000    0    2.000   1.0000          NULL 
 72.0000    3    2.000   1.0000        weakGo
 74.0000    1    2.000   1.0000      strongGo
 76.0000    2    2.000   1.0000    strongNoGo
 78.0000    1    2.000   1.0000      strongGo
 80.0000    1    2.000   1.0000      strongGo
 82.0000    3    2.000   1.0000        weakGo
 84.0000    2    2.000   1.0000    strongNoGo
 86.0000    1    2.000   1.0000      strongGo
 88.0000    1    2.000   1.0000      strongGo
 90.0000    2    2.000   1.0000    strongNoGo
 92.0000    5    2.000   1.0000         catch
 94.0000    3    2.000   1.0000        weakGo
 96.0000    3    2.000   1.0000        weakGo
 98.0000    0    2.000   1.0000          NULL 
100.0000    2    2.000   1.0000    strongNoGo
102.0000    3    2.000   1.0000        weakGo
104.0000    1    2.000   1.0000      strongGo
106.0000    4    2.000   1.0000      weakNoGo
108.0000    1    2.000   1.0000      strongGo
110.0000    3    2.000   1.0000        weakGo
112.0000    1    2.000   1.0000      strongGo
114.0000    2    2.000   1.0000    strongNoGo
116.0000    2    2.000   1.0000    strongNoGo
118.0000    5    2.000   1.0000         catch
120.0000    4    2.000   1.0000      weakNoGo
122.0000    2    2.000   1.0000    strongNoGo
124.0000    0    2.000   1.0000          NULL 
126.0000    1    2.000   1.0000      strongGo
128.0000    5    2.000   1.0000         catch
130.0000    3    2.000   1.0000        weakGo
132.0000    4    2.000   1.0000      weakNoGo
134.0000    4    2.000   1.0000      weakNoGo
136.0000    1    2.000   1.0000      strongGo
138.0000    0    2.000   1.0000          NULL 
140.0000    3    2.000   1.0000        weakGo
142.0000    1    2.000   1.0000      strongGo
144.0000    0    2.000   1.0000          NULL 
146.0000    2    2.000   1.0000    strongNoGo
148.0000    3    2.000   1.0000        weakGo
150.0000    0    2.000   1.0000          NULL 
152.0000    3    2.000   1.0000        weakGo
154.0000    0    2.000   1.0000          NULL 
156.0000    4    2.000   1.0000      weakNoGo
158.0000    1    2.000   1.0000      strongGo
160.0000    2    2.000   1.0000    strongNoGo
162.0000    4    2.000   1.0000      weakNoGo
164.0000    0    2.000   1.0000          NULL 
166.0000    4    2.000   1.0000      weakNoGo
168.0000    1    2.000   1.0000      strongGo
170.0000    4    2.000   1.0000      weakNoGo
172.0000    4    2.000   1.0000      weakNoGo
174.0000    3    2.000   1.0000        weakGo
176.0000    4    2.000   1.0000      weakNoGo
178.0000    2    2.000   1.0000    strongNoGo
180.0000    2    2.000   1.0000    strongNoGo
182.0000    1    2.000   1.0000      strongGo
184.0000    0    2.000   1.0000          NULL 
186.0000    4    2.000   1.0000      weakNoGo
188.0000    4    2.000   1.0000      weakNoGo
190.0000    5    2.000   1.0000         catch
192.0000    2    2.000   1.0000    strongNoGo
194.0000    0    4.000   1.0000          NULL 
198.0000    5    2.000   1.0000         catch
200.0000    3    2.000   1.0000        weakGo
202.0000    4    2.000   1.0000      weakNoGo
204.0000    3    2.000   1.0000        weakGo
206.0000    4    2.000   1.0000      weakNoGo
208.0000    5    2.000   1.0000         catch
210.0000    4    2.000   1.0000      weakNoGo
212.0000    0    8.000   1.0000          NULL 
220.0000    2    2.000   1.0000    strongNoGo
222.0000    1    2.000   1.0000      strongGo
224.0000    1    2.000   1.0000      strongGo
226.0000    5    2.000   1.0000         catch
228.0000    2    2.000   1.0000    strongNoGo
230.0000    5    2.000   1.0000         catch
232.0000    4    2.000   1.0000      weakNoGo
234.0000    4    2.000   1.0000      weakNoGo
236.0000    2    2.000   1.0000    strongNoGo
238.0000    0    2.000   1.0000          NULL 
240.0000    2    2.000   1.0000    strongNoGo
242.0000    1    2.000   1.0000      strongGo
244.0000    3    2.000   1.0000        weakGo
246.0000    3    2.000   1.0000        weakGo
248.0000    5    2.000   1.0000         catch
250.0000    1    2.000   1.0000      strongGo
252.0000    3    2.000   1.0000        weakGo
254.0000    2    2.000   1.0000    strongNoGo
256.0000    0    2.000   1.0000          NULL 
258.0000    4    2.000   1.0000      weakNoGo
260.0000    4    2.000   1.0000      weakNoGo
262.0000    4    2.000   1.0000      weakNoGo
264.0000    1    2.000   1.0000      strongGo
266.0000    3    2.000   1.0000        weakGo
268.0000    0    2.000   1.0000          NULL 
270.0000    3    2.000   1.0000        weakGo
272.0000    3    2.000   1.0000        weakGo
274.0000    0    2.000   1.0000          NULL 
276.0000    3    2.000   1.0000        weakGo
278.0000    1    2.000   1.0000      strongGo
280.0000    5    2.000   1.0000         catch
282.0000    2    2.000   1.0000    strongNoGo
284.0000    3    2.000   1.0000        weakGo
286.0000    2    2.000   1.0000    strongNoGo
288.0000    0    2.000   1.0000          NULL 
290.0000    2    2.000   1.0000    strongNoGo
292.0000    0    2.000   1.0000          NULL 
294.0000    1    2.000   1.0000      strongGo
296.0000    4    2.000   1.0000      weakNoGo
298.0000    4    2.000   1.0000      weakNoGo
300.0000    2    2.000   1.0000    strongNoGo
302.0000    1    2.000   1.0000      strongGo
304.0000    1    2.000   1.0000      strongGo
306.0000    2    2.000   1.0000    strongNoGo
308.0000    4    2.000   1.0000      weakNoGo
310.0000    1    2.000   1.0000      strongGo
312.0000    3    2.000   1.0000        weakGo
314.0000    3    2.000   1.0000        weakGo
316.0000    1    2.000   1.0000      strongGo
318.0000    0    6.000   1.0000          NULL 
324.0000    5    2.000   1.0000         catch
326.0000    5    2.000   1.0000         catch
328.0000    4    2.000   1.0000      weakNoGo
330.0000    0    2.000   1.0000          NULL 
332.0000    3    2.000   1.0000        weakGo
334.0000    0    2.000   1.0000          NULL 
336.0000    4    2.000   1.0000      weakNoGo
338.0000    4    2.000   1.0000      weakNoGo
340.0000    0    4.000   1.0000          NULL 
344.0000    2    2.000   1.0000    strongNoGo
346.0000    5    2.000   1.0000         catch
348.0000    3    2.000   1.0000        weakGo
350.0000    1    2.000   1.0000      strongGo
352.0000    2    2.000   1.0000    strongNoGo
354.0000    0    2.000   1.0000          NULL 
