  0.0000    5    2.000   1.0000         catch
  2.0000    4    2.000   1.0000      weakNoGo
  4.0000    3    2.000   1.0000        weakGo
  6.0000    2    2.000   1.0000    strongNoGo
  8.0000    1    2.000   1.0000      strongGo
 10.0000    2    2.000   1.0000    strongNoGo
 12.0000    0    2.000   1.0000          NULL 
 14.0000    1    2.000   1.0000      strongGo
 16.0000    4    2.000   1.0000      weakNoGo
 18.0000    0    2.000   1.0000          NULL 
 20.0000    2    2.000   1.0000    strongNoGo
 22.0000    3    2.000   1.0000        weakGo
 24.0000    1    2.000   1.0000      strongGo
 26.0000    4    2.000   1.0000      weakNoGo
 28.0000    3    2.000   1.0000        weakGo
 30.0000    4    2.000   1.0000      weakNoGo
 32.0000    3    2.000   1.0000        weakGo
 34.0000    1    2.000   1.0000      strongGo
 36.0000    0    2.000   1.0000          NULL 
 38.0000    4    2.000   1.0000      weakNoGo
 40.0000    4    2.000   1.0000      weakNoGo
 42.0000    3    2.000   1.0000        weakGo
 44.0000    0    2.000   1.0000          NULL 
 46.0000    3    2.000   1.0000        weakGo
 48.0000    0    2.000   1.0000          NULL 
 50.0000    1    2.000   1.0000      strongGo
 52.0000    4    2.000   1.0000      weakNoGo
 54.0000    3    2.000   1.0000        weakGo
 56.0000    4    2.000   1.0000      weakNoGo
 58.0000    1    2.000   1.0000      strongGo
 60.0000    1    2.000   1.0000      strongGo
 62.0000    5    2.000   1.0000         catch
 64.0000    0    2.000   1.0000          NULL 
 66.0000    3    2.000   1.0000        weakGo
 68.0000    1    2.000   1.0000      strongGo
 70.0000    1    2.000   1.0000      strongGo
 72.0000    5    2.000   1.0000         catch
 74.0000    2    2.000   1.0000    strongNoGo
 76.0000    5    2.000   1.0000         catch
 78.0000    1    2.000   1.0000      strongGo
 80.0000    5    2.000   1.0000         catch
 82.0000    5    2.000   1.0000         catch
 84.0000    2    2.000   1.0000    strongNoGo
 86.0000    2    2.000   1.0000    strongNoGo
 88.0000    3    2.000   1.0000        weakGo
 90.0000    4    2.000   1.0000      weakNoGo
 92.0000    1    2.000   1.0000      strongGo
 94.0000    3    2.000   1.0000        weakGo
 96.0000    1    2.000   1.0000      strongGo
 98.0000    3    2.000   1.0000        weakGo
100.0000    2    2.000   1.0000    strongNoGo
102.0000    0    2.000   1.0000          NULL 
104.0000    4    2.000   1.0000      weakNoGo
106.0000    0    2.000   1.0000          NULL 
108.0000    1    2.000   1.0000      strongGo
110.0000    3    2.000   1.0000        weakGo
112.0000    4    2.000   1.0000      weakNoGo
114.0000    2    2.000   1.0000    strongNoGo
116.0000    1    2.000   1.0000      strongGo
118.0000    2    2.000   1.0000    strongNoGo
120.0000    2    2.000   1.0000    strongNoGo
122.0000    0    2.000   1.0000          NULL 
124.0000    3    2.000   1.0000        weakGo
126.0000    1    2.000   1.0000      strongGo
128.0000    0    2.000   1.0000          NULL 
130.0000    3    2.000   1.0000        weakGo
132.0000    1    2.000   1.0000      strongGo
134.0000    1    2.000   1.0000      strongGo
136.0000    0    2.000   1.0000          NULL 
138.0000    4    2.000   1.0000      weakNoGo
140.0000    3    2.000   1.0000        weakGo
142.0000    2    2.000   1.0000    strongNoGo
144.0000    1    2.000   1.0000      strongGo
146.0000    5    2.000   1.0000         catch
148.0000    3    2.000   1.0000        weakGo
150.0000    1    2.000   1.0000      strongGo
152.0000    2    2.000   1.0000    strongNoGo
154.0000    4    2.000   1.0000      weakNoGo
156.0000    1    2.000   1.0000      strongGo
158.0000    0    2.000   1.0000          NULL 
160.0000    4    2.000   1.0000      weakNoGo
162.0000    3    2.000   1.0000        weakGo
164.0000    0    2.000   1.0000          NULL 
166.0000    4    2.000   1.0000      weakNoGo
168.0000    0    2.000   1.0000          NULL 
170.0000    4    2.000   1.0000      weakNoGo
172.0000    1    2.000   1.0000      strongGo
174.0000    5    2.000   1.0000         catch
176.0000    3    2.000   1.0000        weakGo
178.0000    2    2.000   1.0000    strongNoGo
180.0000    3    2.000   1.0000        weakGo
182.0000    1    2.000   1.0000      strongGo
184.0000    0    4.000   1.0000          NULL 
188.0000    3    2.000   1.0000        weakGo
190.0000    4    2.000   1.0000      weakNoGo
192.0000    2    2.000   1.0000    strongNoGo
194.0000    1    2.000   1.0000      strongGo
196.0000    2    2.000   1.0000    strongNoGo
198.0000    1    2.000   1.0000      strongGo
200.0000    3    2.000   1.0000        weakGo
202.0000    3    2.000   1.0000        weakGo
204.0000    2    2.000   1.0000    strongNoGo
206.0000    0    2.000   1.0000          NULL 
208.0000    2    2.000   1.0000    strongNoGo
210.0000    2    2.000   1.0000    strongNoGo
212.0000    2    2.000   1.0000    strongNoGo
214.0000    0    2.000   1.0000          NULL 
216.0000    4    2.000   1.0000      weakNoGo
218.0000    4    2.000   1.0000      weakNoGo
220.0000    4    2.000   1.0000      weakNoGo
222.0000    5    2.000   1.0000         catch
224.0000    4    2.000   1.0000      weakNoGo
226.0000    1    2.000   1.0000      strongGo
228.0000    4    2.000   1.0000      weakNoGo
230.0000    4    2.000   1.0000      weakNoGo
232.0000    1    2.000   1.0000      strongGo
234.0000    1    2.000   1.0000      strongGo
236.0000    4    2.000   1.0000      weakNoGo
238.0000    2    2.000   1.0000    strongNoGo
240.0000    0    2.000   1.0000          NULL 
242.0000    2    2.000   1.0000    strongNoGo
244.0000    0    2.000   1.0000          NULL 
246.0000    3    2.000   1.0000        weakGo
248.0000    1    2.000   1.0000      strongGo
250.0000    3    2.000   1.0000        weakGo
252.0000    3    2.000   1.0000        weakGo
254.0000    2    2.000   1.0000    strongNoGo
256.0000    0    2.000   1.0000          NULL 
258.0000    5    2.000   1.0000         catch
260.0000    0    2.000   1.0000          NULL 
262.0000    3    2.000   1.0000        weakGo
264.0000    1    2.000   1.0000      strongGo
266.0000    1    2.000   1.0000      strongGo
268.0000    5    2.000   1.0000         catch
270.0000    5    2.000   1.0000         catch
272.0000    4    2.000   1.0000      weakNoGo
274.0000    0    8.000   1.0000          NULL 
282.0000    2    2.000   1.0000    strongNoGo
284.0000    0    2.000   1.0000          NULL 
286.0000    3    2.000   1.0000        weakGo
288.0000    0    2.000   1.0000          NULL 
290.0000    3    2.000   1.0000        weakGo
292.0000    3    2.000   1.0000        weakGo
294.0000    0    2.000   1.0000          NULL 
296.0000    4    2.000   1.0000      weakNoGo
298.0000    5    2.000   1.0000         catch
300.0000    3    2.000   1.0000        weakGo
302.0000    0    2.000   1.0000          NULL 
304.0000    2    2.000   1.0000    strongNoGo
306.0000    4    2.000   1.0000      weakNoGo
308.0000    0    2.000   1.0000          NULL 
310.0000    1    2.000   1.0000      strongGo
312.0000    0    2.000   1.0000          NULL 
314.0000    2    2.000   1.0000    strongNoGo
316.0000    2    2.000   1.0000    strongNoGo
318.0000    4    2.000   1.0000      weakNoGo
320.0000    2    2.000   1.0000    strongNoGo
322.0000    0    2.000   1.0000          NULL 
324.0000    4    2.000   1.0000      weakNoGo
326.0000    2    2.000   1.0000    strongNoGo
328.0000    4    2.000   1.0000      weakNoGo
330.0000    4    2.000   1.0000      weakNoGo
332.0000    3    2.000   1.0000        weakGo
334.0000    3    2.000   1.0000        weakGo
336.0000    5    2.000   1.0000         catch
338.0000    1    2.000   1.0000      strongGo
340.0000    2    2.000   1.0000    strongNoGo
342.0000    4    2.000   1.0000      weakNoGo
344.0000    2    2.000   1.0000    strongNoGo
346.0000    2    2.000   1.0000    strongNoGo
348.0000    2    2.000   1.0000    strongNoGo
350.0000    5    2.000   1.0000         catch
352.0000    5    2.000   1.0000         catch
354.0000    0    2.000   1.0000          NULL 
