  0.0000    1    1.800   1.0000        weakGo
  1.8000    1    1.800   1.0000        weakGo
  3.6000    2    1.800   1.0000      strongGo
  5.4000    2    1.800   1.0000      strongGo
  7.2000    1    1.800   1.0000        weakGo
  9.0000    2    1.800   1.0000      strongGo
 10.8000    2    1.800   1.0000      strongGo
 12.6000    1    1.800   1.0000        weakGo
 14.4000    0    1.800   1.0000          NULL 
 16.2000    4    1.800   1.0000    strongNoGo
 18.0000    0    1.800   1.0000          NULL 
 19.8000    1    1.800   1.0000        weakGo
 21.6000    1    1.800   1.0000        weakGo
 23.4000    2    1.800   1.0000      strongGo
 25.2000    2    1.800   1.0000      strongGo
 27.0000    0    1.800   1.0000          NULL 
 28.8000    1    1.800   1.0000        weakGo
 30.6000    0    3.600   1.0000          NULL 
 34.2000    3    1.800   1.0000      weakNoGo
 36.0000    2    1.800   1.0000      strongGo
 37.8000    2    1.800   1.0000      strongGo
 39.6000    4    1.800   1.0000    strongNoGo
 41.4000    1    1.800   1.0000        weakGo
 43.2000    1    1.800   1.0000        weakGo
 45.0000    3    1.800   1.0000      weakNoGo
 46.8000    2    1.800   1.0000      strongGo
 48.6000    2    1.800   1.0000      strongGo
 50.4000    3    1.800   1.0000      weakNoGo
 52.2000    3    1.800   1.0000      weakNoGo
 54.0000    3    1.800   1.0000      weakNoGo
 55.8000    1    1.800   1.0000        weakGo
 57.6000    2    1.800   1.0000      strongGo
 59.4000    1    1.800   1.0000        weakGo
 61.2000    4    1.800   1.0000    strongNoGo
 63.0000    0    1.800   1.0000          NULL 
 64.8000    1    1.800   1.0000        weakGo
 66.6000    5    1.800   1.0000         catch
 68.4000    1    1.800   1.0000        weakGo
 70.2000    0    1.800   1.0000          NULL 
 72.0000    2    1.800   1.0000      strongGo
 73.8000    4    1.800   1.0000    strongNoGo
 75.6000    5    1.800   1.0000         catch
 77.4000    0    3.600   1.0000          NULL 
 81.0000    5    1.800   1.0000         catch
 82.8000    1    1.800   1.0000        weakGo
 84.6000    5    1.800   1.0000         catch
 86.4000    4    1.800   1.0000    strongNoGo
 88.2000    2    1.800   1.0000      strongGo
 90.0000    1    1.800   1.0000        weakGo
 91.8000    2    1.800   1.0000      strongGo
 93.6000    0    1.800   1.0000          NULL 
 95.4000    2    1.800   1.0000      strongGo
