  0.0000    5    1.800   1.0000         catch
  1.8000    0    1.800   1.0000          NULL 
  3.6000    1    1.800   1.0000        weakGo
  5.4000    1    1.800   1.0000        weakGo
  7.2000    1    1.800   1.0000        weakGo
  9.0000    3    1.800   1.0000      weakNoGo
 10.8000    1    1.800   1.0000        weakGo
 12.6000    2    1.800   1.0000      strongGo
 14.4000    5    1.800   1.0000         catch
 16.2000    0    1.800   1.0000          NULL 
 18.0000    3    1.800   1.0000      weakNoGo
 19.8000    3    1.800   1.0000      weakNoGo
 21.6000    4    1.800   1.0000    strongNoGo
 23.4000    2    1.800   1.0000      strongGo
 25.2000    1    1.800   1.0000        weakGo
 27.0000    1    1.800   1.0000        weakGo
 28.8000    2    1.800   1.0000      strongGo
 30.6000    5    1.800   1.0000         catch
 32.4000    1    1.800   1.0000        weakGo
 34.2000    1    1.800   1.0000        weakGo
 36.0000    1    1.800   1.0000        weakGo
 37.8000    2    1.800   1.0000      strongGo
 39.6000    1    1.800   1.0000        weakGo
 41.4000    0    1.800   1.0000          NULL 
 43.2000    2    1.800   1.0000      strongGo
 45.0000    1    1.800   1.0000        weakGo
 46.8000    1    1.800   1.0000        weakGo
 48.6000    0    1.800   1.0000          NULL 
 50.4000    1    1.800   1.0000        weakGo
 52.2000    4    1.800   1.0000    strongNoGo
 54.0000    2    1.800   1.0000      strongGo
 55.8000    2    1.800   1.0000      strongGo
 57.6000    3    1.800   1.0000      weakNoGo
 59.4000    2    1.800   1.0000      strongGo
 61.2000    2    1.800   1.0000      strongGo
 63.0000    4    1.800   1.0000    strongNoGo
 64.8000    2    1.800   1.0000      strongGo
 66.6000    2    1.800   1.0000      strongGo
 68.4000    4    1.800   1.0000    strongNoGo
 70.2000    5    1.800   1.0000         catch
 72.0000    4    1.800   1.0000    strongNoGo
 73.8000    3    1.800   1.0000      weakNoGo
 75.6000    2    1.800   1.0000      strongGo
 77.4000    1    1.800   1.0000        weakGo
 79.2000    0    5.400   1.0000          NULL 
 84.6000    1    1.800   1.0000        weakGo
 86.4000    2    1.800   1.0000      strongGo
 88.2000    2    1.800   1.0000      strongGo
 90.0000    0    5.400   1.0000          NULL 
 95.4000    2    1.800   1.0000      strongGo
