  0.0000    3    1.800   1.0000      weakNoGo
  1.8000    2    1.800   1.0000      strongGo
  3.6000    1    1.800   1.0000        weakGo
  5.4000    1    1.800   1.0000        weakGo
  7.2000    0    1.800   1.0000          NULL 
  9.0000    5    1.800   1.0000         catch
 10.8000    5    1.800   1.0000         catch
 12.6000    1    1.800   1.0000        weakGo
 14.4000    2    1.800   1.0000      strongGo
 16.2000    2    1.800   1.0000      strongGo
 18.0000    4    1.800   1.0000    strongNoGo
 19.8000    2    1.800   1.0000      strongGo
 21.6000    3    1.800   1.0000      weakNoGo
 23.4000    2    1.800   1.0000      strongGo
 25.2000    3    1.800   1.0000      weakNoGo
 27.0000    3    1.800   1.0000      weakNoGo
 28.8000    1    1.800   1.0000        weakGo
 30.6000    2    1.800   1.0000      strongGo
 32.4000    0    1.800   1.0000          NULL 
 34.2000    1    1.800   1.0000        weakGo
 36.0000    1    1.800   1.0000        weakGo
 37.8000    2    1.800   1.0000      strongGo
 39.6000    2    1.800   1.0000      strongGo
 41.4000    2    1.800   1.0000      strongGo
 43.2000    1    1.800   1.0000        weakGo
 45.0000    2    1.800   1.0000      strongGo
 46.8000    1    1.800   1.0000        weakGo
 48.6000    2    1.800   1.0000      strongGo
 50.4000    5    1.800   1.0000         catch
 52.2000    0    3.600   1.0000          NULL 
 55.8000    4    1.800   1.0000    strongNoGo
 57.6000    2    1.800   1.0000      strongGo
 59.4000    2    1.800   1.0000      strongGo
 61.2000    2    1.800   1.0000      strongGo
 63.0000    1    1.800   1.0000        weakGo
 64.8000    5    1.800   1.0000         catch
 66.6000    4    1.800   1.0000    strongNoGo
 68.4000    0    1.800   1.0000          NULL 
 70.2000    1    1.800   1.0000        weakGo
 72.0000    4    1.800   1.0000    strongNoGo
 73.8000    1    1.800   1.0000        weakGo
 75.6000    1    1.800   1.0000        weakGo
 77.4000    0    1.800   1.0000          NULL 
 79.2000    2    1.800   1.0000      strongGo
 81.0000    3    1.800   1.0000      weakNoGo
 82.8000    0    1.800   1.0000          NULL 
 84.6000    1    1.800   1.0000        weakGo
 86.4000    4    1.800   1.0000    strongNoGo
 88.2000    1    1.800   1.0000        weakGo
 90.0000    0    3.600   1.0000          NULL 
 93.6000    1    1.800   1.0000        weakGo
 95.4000    0    1.800   1.0000          NULL 
