  0.0000    5    1.800   1.0000         catch
  1.8000    1    1.800   1.0000        weakGo
  3.6000    1    1.800   1.0000        weakGo
  5.4000    2    1.800   1.0000      strongGo
  7.2000    3    1.800   1.0000      weakNoGo
  9.0000    2    1.800   1.0000      strongGo
 10.8000    1    1.800   1.0000        weakGo
 12.6000    0    1.800   1.0000          NULL 
 14.4000    1    1.800   1.0000        weakGo
 16.2000    1    1.800   1.0000        weakGo
 18.0000    4    1.800   1.0000    strongNoGo
 19.8000    2    1.800   1.0000      strongGo
 21.6000    1    1.800   1.0000        weakGo
 23.4000    2    1.800   1.0000      strongGo
 25.2000    2    1.800   1.0000      strongGo
 27.0000    4    1.800   1.0000    strongNoGo
 28.8000    1    1.800   1.0000        weakGo
 30.6000    5    1.800   1.0000         catch
 32.4000    1    1.800   1.0000        weakGo
 34.2000    1    1.800   1.0000        weakGo
 36.0000    4    1.800   1.0000    strongNoGo
 37.8000    1    1.800   1.0000        weakGo
 39.6000    1    1.800   1.0000        weakGo
 41.4000    3    1.800   1.0000      weakNoGo
 43.2000    0    3.600   1.0000          NULL 
 46.8000    1    1.800   1.0000        weakGo
 48.6000    2    1.800   1.0000      strongGo
 50.4000    0    3.600   1.0000          NULL 
 54.0000    2    1.800   1.0000      strongGo
 55.8000    1    1.800   1.0000        weakGo
 57.6000    1    1.800   1.0000        weakGo
 59.4000    2    1.800   1.0000      strongGo
 61.2000    3    1.800   1.0000      weakNoGo
 63.0000    2    1.800   1.0000      strongGo
 64.8000    0    1.800   1.0000          NULL 
 66.6000    3    1.800   1.0000      weakNoGo
 68.4000    2    1.800   1.0000      strongGo
 70.2000    4    1.800   1.0000    strongNoGo
 72.0000    0    1.800   1.0000          NULL 
 73.8000    4    1.800   1.0000    strongNoGo
 75.6000    2    1.800   1.0000      strongGo
 77.4000    3    1.800   1.0000      weakNoGo
 79.2000    2    1.800   1.0000      strongGo
 81.0000    0    1.800   1.0000          NULL 
 82.8000    5    1.800   1.0000         catch
 84.6000    2    1.800   1.0000      strongGo
 86.4000    0    1.800   1.0000          NULL 
 88.2000    2    1.800   1.0000      strongGo
 90.0000    2    1.800   1.0000      strongGo
 91.8000    5    1.800   1.0000         catch
 93.6000    0    1.800   1.0000          NULL 
 95.4000    1    1.800   1.0000        weakGo
