  0.0000    2    1.800   1.0000      strongGo
  1.8000    1    1.800   1.0000        weakGo
  3.6000    3    1.800   1.0000      weakNoGo
  5.4000    3    1.800   1.0000      weakNoGo
  7.2000    1    1.800   1.0000        weakGo
  9.0000    0    1.800   1.0000          NULL 
 10.8000    1    1.800   1.0000        weakGo
 12.6000    2    1.800   1.0000      strongGo
 14.4000    2    1.800   1.0000      strongGo
 16.2000    4    1.800   1.0000    strongNoGo
 18.0000    2    1.800   1.0000      strongGo
 19.8000    3    1.800   1.0000      weakNoGo
 21.6000    0    1.800   1.0000          NULL 
 23.4000    1    1.800   1.0000        weakGo
 25.2000    4    1.800   1.0000    strongNoGo
 27.0000    0    1.800   1.0000          NULL 
 28.8000    1    1.800   1.0000        weakGo
 30.6000    2    1.800   1.0000      strongGo
 32.4000    0    1.800   1.0000          NULL 
 34.2000    1    1.800   1.0000        weakGo
 36.0000    3    1.800   1.0000      weakNoGo
 37.8000    1    1.800   1.0000        weakGo
 39.6000    2    1.800   1.0000      strongGo
 41.4000    4    1.800   1.0000    strongNoGo
 43.2000    4    1.800   1.0000    strongNoGo
 45.0000    0    3.600   1.0000          NULL 
 48.6000    4    1.800   1.0000    strongNoGo
 50.4000    4    1.800   1.0000    strongNoGo
 52.2000    1    1.800   1.0000        weakGo
 54.0000    3    1.800   1.0000      weakNoGo
 55.8000    0    3.600   1.0000          NULL 
 59.4000    3    1.800   1.0000      weakNoGo
 61.2000    2    1.800   1.0000      strongGo
 63.0000    1    1.800   1.0000        weakGo
 64.8000    2    1.800   1.0000      strongGo
 66.6000    3    1.800   1.0000      weakNoGo
 68.4000    1    1.800   1.0000        weakGo
 70.2000    4    1.800   1.0000    strongNoGo
 72.0000    3    1.800   1.0000      weakNoGo
 73.8000    3    1.800   1.0000      weakNoGo
 75.6000    4    1.800   1.0000    strongNoGo
 77.4000    2    1.800   1.0000      strongGo
 79.2000    0    1.800   1.0000          NULL 
 81.0000    3    1.800   1.0000      weakNoGo
 82.8000    0    1.800   1.0000          NULL 
 84.6000    4    1.800   1.0000    strongNoGo
 86.4000    4    1.800   1.0000    strongNoGo
 88.2000    2    1.800   1.0000      strongGo
