  0.0000    5    1.800   1.0000         catch
  1.8000    3    1.800   1.0000      weakNoGo
  3.6000    0    1.800   1.0000          NULL 
  5.4000    4    1.800   1.0000    strongNoGo
  7.2000    0    1.800   1.0000          NULL 
  9.0000    1    1.800   1.0000        weakGo
 10.8000    2    1.800   1.0000      strongGo
 12.6000    5    1.800   1.0000         catch
 14.4000    1    1.800   1.0000        weakGo
 16.2000    1    1.800   1.0000        weakGo
 18.0000    4    1.800   1.0000    strongNoGo
 19.8000    2    1.800   1.0000      strongGo
 21.6000    1    1.800   1.0000        weakGo
 23.4000    2    1.800   1.0000      strongGo
 25.2000    0    1.800   1.0000          NULL 
 27.0000    3    1.800   1.0000      weakNoGo
 28.8000    0    1.800   1.0000          NULL 
 30.6000    2    1.800   1.0000      strongGo
 32.4000    2    1.800   1.0000      strongGo
 34.2000    2    1.800   1.0000      strongGo
 36.0000    2    1.800   1.0000      strongGo
 37.8000    0    1.800   1.0000          NULL 
 39.6000    3    1.800   1.0000      weakNoGo
 41.4000    1    1.800   1.0000        weakGo
 43.2000    1    1.800   1.0000        weakGo
 45.0000    3    1.800   1.0000      weakNoGo
 46.8000    2    1.800   1.0000      strongGo
 48.6000    4    1.800   1.0000    strongNoGo
 50.4000    1    1.800   1.0000        weakGo
 52.2000    5    1.800   1.0000         catch
 54.0000    1    1.800   1.0000        weakGo
 55.8000    0    1.800   1.0000          NULL 
 57.6000    2    1.800   1.0000      strongGo
 59.4000    1    1.800   1.0000        weakGo
 61.2000    2    1.800   1.0000      strongGo
 63.0000    5    1.800   1.0000         catch
 64.8000    0    1.800   1.0000          NULL 
 66.6000    1    1.800   1.0000        weakGo
 68.4000    1    1.800   1.0000        weakGo
 70.2000    2    1.800   1.0000      strongGo
 72.0000    2    1.800   1.0000      strongGo
 73.8000    4    1.800   1.0000    strongNoGo
 75.6000    0    1.800   1.0000          NULL 
 77.4000    2    1.800   1.0000      strongGo
 79.2000    1    1.800   1.0000        weakGo
 81.0000    0    3.600   1.0000          NULL 
 84.6000    1    1.800   1.0000        weakGo
 86.4000    2    1.800   1.0000      strongGo
 88.2000    1    1.800   1.0000        weakGo
 90.0000    1    1.800   1.0000        weakGo
 91.8000    2    1.800   1.0000      strongGo
 93.6000    3    1.800   1.0000      weakNoGo
 95.4000    4    1.800   1.0000    strongNoGo
