  0.0000    1    1.800   1.0000        weakGo
  1.8000    2    1.800   1.0000      strongGo
  3.6000    3    1.800   1.0000      weakNoGo
  5.4000    3    1.800   1.0000      weakNoGo
  7.2000    1    1.800   1.0000        weakGo
  9.0000    1    1.800   1.0000        weakGo
 10.8000    3    1.800   1.0000      weakNoGo
 12.6000    1    1.800   1.0000        weakGo
 14.4000    2    1.800   1.0000      strongGo
 16.2000    3    1.800   1.0000      weakNoGo
 18.0000    3    1.800   1.0000      weakNoGo
 19.8000    3    1.800   1.0000      weakNoGo
 21.6000    2    1.800   1.0000      strongGo
 23.4000    3    1.800   1.0000      weakNoGo
 25.2000    4    1.800   1.0000    strongNoGo
 27.0000    3    1.800   1.0000      weakNoGo
 28.8000    3    1.800   1.0000      weakNoGo
 30.6000    1    1.800   1.0000        weakGo
 32.4000    0    3.600   1.0000          NULL 
 36.0000    2    1.800   1.0000      strongGo
 37.8000    0    3.600   1.0000          NULL 
 41.4000    1    1.800   1.0000        weakGo
 43.2000    2    1.800   1.0000      strongGo
 45.0000    0    1.800   1.0000          NULL 
 46.8000    3    1.800   1.0000      weakNoGo
 48.6000    2    1.800   1.0000      strongGo
 50.4000    0    1.800   1.0000          NULL 
 52.2000    1    1.800   1.0000        weakGo
 54.0000    4    1.800   1.0000    strongNoGo
 55.8000    4    1.800   1.0000    strongNoGo
 57.6000    2    1.800   1.0000      strongGo
 59.4000    4    1.800   1.0000    strongNoGo
 61.2000    2    1.800   1.0000      strongGo
 63.0000    1    1.800   1.0000        weakGo
 64.8000    0    1.800   1.0000          NULL 
 66.6000    2    1.800   1.0000      strongGo
 68.4000    4    1.800   1.0000    strongNoGo
 70.2000    4    1.800   1.0000    strongNoGo
 72.0000    1    1.800   1.0000        weakGo
 73.8000    0    1.800   1.0000          NULL 
 75.6000    4    1.800   1.0000    strongNoGo
 77.4000    0    1.800   1.0000          NULL 
 79.2000    4    1.800   1.0000    strongNoGo
 81.0000    4    1.800   1.0000    strongNoGo
 82.8000    2    1.800   1.0000      strongGo
 84.6000    1    1.800   1.0000        weakGo
 86.4000    0    1.800   1.0000          NULL 
 88.2000    4    1.800   1.0000    strongNoGo
