  0.0000    2    1.800   1.0000      strongGo
  1.8000    3    1.800   1.0000      weakNoGo
  3.6000    1    1.800   1.0000        weakGo
  5.4000    0    1.800   1.0000          NULL 
  7.2000    3    1.800   1.0000      weakNoGo
  9.0000    3    1.800   1.0000      weakNoGo
 10.8000    4    1.800   1.0000    strongNoGo
 12.6000    3    1.800   1.0000      weakNoGo
 14.4000    1    1.800   1.0000        weakGo
 16.2000    3    1.800   1.0000      weakNoGo
 18.0000    2    1.800   1.0000      strongGo
 19.8000    4    1.800   1.0000    strongNoGo
 21.6000    3    1.800   1.0000      weakNoGo
 23.4000    0    1.800   1.0000          NULL 
 25.2000    1    1.800   1.0000        weakGo
 27.0000    1    1.800   1.0000        weakGo
 28.8000    2    1.800   1.0000      strongGo
 30.6000    1    1.800   1.0000        weakGo
 32.4000    3    1.800   1.0000      weakNoGo
 34.2000    4    1.800   1.0000    strongNoGo
 36.0000    3    1.800   1.0000      weakNoGo
 37.8000    1    1.800   1.0000        weakGo
 39.6000    4    1.800   1.0000    strongNoGo
 41.4000    0    1.800   1.0000          NULL 
 43.2000    2    1.800   1.0000      strongGo
 45.0000    1    1.800   1.0000        weakGo
 46.8000    1    1.800   1.0000        weakGo
 48.6000    2    1.800   1.0000      strongGo
 50.4000    0    1.800   1.0000          NULL 
 52.2000    2    1.800   1.0000      strongGo
 54.0000    4    1.800   1.0000    strongNoGo
 55.8000    3    1.800   1.0000      weakNoGo
 57.6000    3    1.800   1.0000      weakNoGo
 59.4000    2    1.800   1.0000      strongGo
 61.2000    2    1.800   1.0000      strongGo
 63.0000    1    1.800   1.0000        weakGo
 64.8000    4    1.800   1.0000    strongNoGo
 66.6000    2    1.800   1.0000      strongGo
 68.4000    4    1.800   1.0000    strongNoGo
 70.2000    0    3.600   1.0000          NULL 
 73.8000    4    1.800   1.0000    strongNoGo
 75.6000    1    1.800   1.0000        weakGo
 77.4000    0    5.400   1.0000          NULL 
 82.8000    4    1.800   1.0000    strongNoGo
 84.6000    4    1.800   1.0000    strongNoGo
 86.4000    2    1.800   1.0000      strongGo
 88.2000    0    1.800   1.0000          NULL 
