  0.0000    1    1.800   1.0000        weakGo
  1.8000    2    1.800   1.0000      strongGo
  3.6000    2    1.800   1.0000      strongGo
  5.4000    1    1.800   1.0000        weakGo
  7.2000    3    1.800   1.0000      weakNoGo
  9.0000    1    1.800   1.0000        weakGo
 10.8000    1    1.800   1.0000        weakGo
 12.6000    1    1.800   1.0000        weakGo
 14.4000    1    1.800   1.0000        weakGo
 16.2000    1    1.800   1.0000        weakGo
 18.0000    2    1.800   1.0000      strongGo
 19.8000    1    1.800   1.0000        weakGo
 21.6000    4    1.800   1.0000    strongNoGo
 23.4000    5    1.800   1.0000         catch
 25.2000    1    1.800   1.0000        weakGo
 27.0000    0    1.800   1.0000          NULL 
 28.8000    2    1.800   1.0000      strongGo
 30.6000    3    1.800   1.0000      weakNoGo
 32.4000    1    1.800   1.0000        weakGo
 34.2000    2    1.800   1.0000      strongGo
 36.0000    0    1.800   1.0000          NULL 
 37.8000    3    1.800   1.0000      weakNoGo
 39.6000    4    1.800   1.0000    strongNoGo
 41.4000    2    1.800   1.0000      strongGo
 43.2000    1    1.800   1.0000        weakGo
 45.0000    2    1.800   1.0000      strongGo
 46.8000    0    1.800   1.0000          NULL 
 48.6000    2    1.800   1.0000      strongGo
 50.4000    1    1.800   1.0000        weakGo
 52.2000    3    1.800   1.0000      weakNoGo
 54.0000    5    1.800   1.0000         catch
 55.8000    4    1.800   1.0000    strongNoGo
 57.6000    2    1.800   1.0000      strongGo
 59.4000    0    1.800   1.0000          NULL 
 61.2000    5    1.800   1.0000         catch
 63.0000    5    1.800   1.0000         catch
 64.8000    2    1.800   1.0000      strongGo
 66.6000    0    1.800   1.0000          NULL 
 68.4000    4    1.800   1.0000    strongNoGo
 70.2000    1    1.800   1.0000        weakGo
 72.0000    0    5.400   1.0000          NULL 
 77.4000    2    1.800   1.0000      strongGo
 79.2000    2    1.800   1.0000      strongGo
 81.0000    2    1.800   1.0000      strongGo
 82.8000    1    1.800   1.0000        weakGo
 84.6000    1    1.800   1.0000        weakGo
 86.4000    4    1.800   1.0000    strongNoGo
 88.2000    0    1.800   1.0000          NULL 
 90.0000    2    1.800   1.0000      strongGo
 91.8000    3    1.800   1.0000      weakNoGo
 93.6000    2    1.800   1.0000      strongGo
 95.4000    0    1.800   1.0000          NULL 
