  0.0000    3    1.800   1.0000      weakNoGo
  1.8000    1    1.800   1.0000        weakGo
  3.6000    3    1.800   1.0000      weakNoGo
  5.4000    0    1.800   1.0000          NULL 
  7.2000    2    1.800   1.0000      strongGo
  9.0000    2    1.800   1.0000      strongGo
 10.8000    3    1.800   1.0000      weakNoGo
 12.6000    2    1.800   1.0000      strongGo
 14.4000    2    1.800   1.0000      strongGo
 16.2000    5    1.800   1.0000         catch
 18.0000    1    1.800   1.0000        weakGo
 19.8000    1    1.800   1.0000        weakGo
 21.6000    5    1.800   1.0000         catch
 23.4000    3    1.800   1.0000      weakNoGo
 25.2000    1    1.800   1.0000        weakGo
 27.0000    1    1.800   1.0000        weakGo
 28.8000    1    1.800   1.0000        weakGo
 30.6000    0    3.600   1.0000          NULL 
 34.2000    2    1.800   1.0000      strongGo
 36.0000    1    1.800   1.0000        weakGo
 37.8000    2    1.800   1.0000      strongGo
 39.6000    2    1.800   1.0000      strongGo
 41.4000    2    1.800   1.0000      strongGo
 43.2000    1    1.800   1.0000        weakGo
 45.0000    4    1.800   1.0000    strongNoGo
 46.8000    5    1.800   1.0000         catch
 48.6000    4    1.800   1.0000    strongNoGo
 50.4000    2    1.800   1.0000      strongGo
 52.2000    4    1.800   1.0000    strongNoGo
 54.0000    1    1.800   1.0000        weakGo
 55.8000    2    1.800   1.0000      strongGo
 57.6000    1    1.800   1.0000        weakGo
 59.4000    1    1.800   1.0000        weakGo
 61.2000    3    1.800   1.0000      weakNoGo
 63.0000    0    1.800   1.0000          NULL 
 64.8000    5    1.800   1.0000         catch
 66.6000    2    1.800   1.0000      strongGo
 68.4000    1    1.800   1.0000        weakGo
 70.2000    0    5.400   1.0000          NULL 
 75.6000    1    1.800   1.0000        weakGo
 77.4000    0    1.800   1.0000          NULL 
 79.2000    1    1.800   1.0000        weakGo
 81.0000    2    1.800   1.0000      strongGo
 82.8000    4    1.800   1.0000    strongNoGo
 84.6000    0    1.800   1.0000          NULL 
 86.4000    1    1.800   1.0000        weakGo
 88.2000    0    1.800   1.0000          NULL 
 90.0000    2    1.800   1.0000      strongGo
 91.8000    2    1.800   1.0000      strongGo
 93.6000    4    1.800   1.0000    strongNoGo
 95.4000    2    1.800   1.0000      strongGo
