  0.0000    4    1.800   1.0000      weakNoGo
  1.8000    4    1.800   1.0000      weakNoGo
  3.6000    1    1.800   1.0000      strongGo
  5.4000    3    1.800   1.0000        weakGo
  7.2000    1    1.800   1.0000      strongGo
  9.0000    1    1.800   1.0000      strongGo
 10.8000    0    1.800   1.0000          NULL 
 12.6000    2    1.800   1.0000    strongNoGo
 14.4000    1    1.800   1.0000      strongGo
 16.2000    2    1.800   1.0000    strongNoGo
 18.0000    1    1.800   1.0000      strongGo
 19.8000    3    1.800   1.0000        weakGo
 21.6000    2    1.800   1.0000    strongNoGo
 23.4000    3    1.800   1.0000        weakGo
 25.2000    1    1.800   1.0000      strongGo
 27.0000    5    1.800   1.0000         catch
 28.8000    2    1.800   1.0000    strongNoGo
 30.6000    2    1.800   1.0000    strongNoGo
 32.4000    4    1.800   1.0000      weakNoGo
 34.2000    4    1.800   1.0000      weakNoGo
 36.0000    3    1.800   1.0000        weakGo
 37.8000    5    1.800   1.0000         catch
 39.6000    1    1.800   1.0000      strongGo
 41.4000    3    1.800   1.0000        weakGo
 43.2000    4    1.800   1.0000      weakNoGo
 45.0000    2    1.800   1.0000    strongNoGo
 46.8000    4    1.800   1.0000      weakNoGo
 48.6000    0    1.800   1.0000          NULL 
 50.4000    4    1.800   1.0000      weakNoGo
 52.2000    1    1.800   1.0000      strongGo
 54.0000    4    1.800   1.0000      weakNoGo
 55.8000    0    1.800   1.0000          NULL 
 57.6000    4    1.800   1.0000      weakNoGo
 59.4000    0    1.800   1.0000          NULL 
 61.2000    4    1.800   1.0000      weakNoGo
 63.0000    5    1.800   1.0000         catch
 64.8000    0    1.800   1.0000          NULL 
 66.6000    2    1.800   1.0000    strongNoGo
 68.4000    3    1.800   1.0000        weakGo
 70.2000    3    1.800   1.0000        weakGo
 72.0000    0    3.600   1.0000          NULL 
 75.6000    1    1.800   1.0000      strongGo
 77.4000    0    1.800   1.0000          NULL 
 79.2000    3    1.800   1.0000        weakGo
 81.0000    0    3.600   1.0000          NULL 
 84.6000    5    1.800   1.0000         catch
 86.4000    3    1.800   1.0000        weakGo
 88.2000    1    1.800   1.0000      strongGo
 90.0000    2    1.800   1.0000    strongNoGo
 91.8000    2    1.800   1.0000    strongNoGo
 93.6000    2    1.800   1.0000    strongNoGo
 95.4000    5    1.800   1.0000         catch
 97.2000    3    1.800   1.0000        weakGo
