  0.0000    5    1.800   1.0000         catch
  1.8000    2    1.800   1.0000    strongNoGo
  3.6000    2    1.800   1.0000    strongNoGo
  5.4000    0    1.800   1.0000          NULL 
  7.2000    3    1.800   1.0000        weakGo
  9.0000    1    1.800   1.0000      strongGo
 10.8000    3    1.800   1.0000        weakGo
 12.6000    1    1.800   1.0000      strongGo
 14.4000    0    1.800   1.0000          NULL 
 16.2000    3    1.800   1.0000        weakGo
 18.0000    3    1.800   1.0000        weakGo
 19.8000    1    1.800   1.0000      strongGo
 21.6000    2    1.800   1.0000    strongNoGo
 23.4000    4    1.800   1.0000      weakNoGo
 25.2000    4    1.800   1.0000      weakNoGo
 27.0000    4    1.800   1.0000      weakNoGo
 28.8000    3    1.800   1.0000        weakGo
 30.6000    5    1.800   1.0000         catch
 32.4000    1    1.800   1.0000      strongGo
 34.2000    2    1.800   1.0000    strongNoGo
 36.0000    2    1.800   1.0000    strongNoGo
 37.8000    2    1.800   1.0000    strongNoGo
 39.6000    0    1.800   1.0000          NULL 
 41.4000    1    1.800   1.0000      strongGo
 43.2000    3    1.800   1.0000        weakGo
 45.0000    4    1.800   1.0000      weakNoGo
 46.8000    3    1.800   1.0000        weakGo
 48.6000    0    1.800   1.0000          NULL 
 50.4000    4    1.800   1.0000      weakNoGo
 52.2000    2    1.800   1.0000    strongNoGo
 54.0000    5    1.800   1.0000         catch
 55.8000    0    1.800   1.0000          NULL 
 57.6000    5    1.800   1.0000         catch
 59.4000    4    1.800   1.0000      weakNoGo
 61.2000    1    1.800   1.0000      strongGo
 63.0000    0    3.600   1.0000          NULL 
 66.6000    2    1.800   1.0000    strongNoGo
 68.4000    2    1.800   1.0000    strongNoGo
 70.2000    3    1.800   1.0000        weakGo
 72.0000    4    1.800   1.0000      weakNoGo
 73.8000    0    1.800   1.0000          NULL 
 75.6000    4    1.800   1.0000      weakNoGo
 77.4000    2    1.800   1.0000    strongNoGo
 79.2000    0    1.800   1.0000          NULL 
 81.0000    1    1.800   1.0000      strongGo
 82.8000    4    1.800   1.0000      weakNoGo
 84.6000    1    1.800   1.0000      strongGo
 86.4000    3    1.800   1.0000        weakGo
 88.2000    1    1.800   1.0000      strongGo
 90.0000    0    1.800   1.0000          NULL 
 91.8000    4    1.800   1.0000      weakNoGo
 93.6000    5    1.800   1.0000         catch
 95.4000    1    1.800   1.0000      strongGo
 97.2000    3    1.800   1.0000        weakGo
