  0.0000    2    1.800   1.0000    strongNoGo
  1.8000    2    1.800   1.0000    strongNoGo
  3.6000    2    1.800   1.0000    strongNoGo
  5.4000    1    1.800   1.0000      strongGo
  7.2000    2    1.800   1.0000    strongNoGo
  9.0000    2    1.800   1.0000    strongNoGo
 10.8000    1    1.800   1.0000      strongGo
 12.6000    1    1.800   1.0000      strongGo
 14.4000    1    1.800   1.0000      strongGo
 16.2000    2    1.800   1.0000    strongNoGo
 18.0000    1    1.800   1.0000      strongGo
 19.8000    4    1.800   1.0000      weakNoGo
 21.6000    0    1.800   1.0000          NULL 
 23.4000    3    1.800   1.0000        weakGo
 25.2000    4    1.800   1.0000      weakNoGo
 27.0000    3    1.800   1.0000        weakGo
 28.8000    2    1.800   1.0000    strongNoGo
 30.6000    2    1.800   1.0000    strongNoGo
 32.4000    2    1.800   1.0000    strongNoGo
 34.2000    1    1.800   1.0000      strongGo
 36.0000    3    1.800   1.0000        weakGo
 37.8000    1    1.800   1.0000      strongGo
 39.6000    1    1.800   1.0000      strongGo
 41.4000    3    1.800   1.0000        weakGo
 43.2000    3    1.800   1.0000        weakGo
 45.0000    3    1.800   1.0000        weakGo
 46.8000    3    1.800   1.0000        weakGo
 48.6000    4    1.800   1.0000      weakNoGo
 50.4000    4    1.800   1.0000      weakNoGo
 52.2000    2    1.800   1.0000    strongNoGo
 54.0000    0    1.800   1.0000          NULL 
 55.8000    5    1.800   1.0000         catch
 57.6000    0    1.800   1.0000          NULL 
 59.4000    4    1.800   1.0000      weakNoGo
 61.2000    0    5.400   1.0000          NULL 
 66.6000    4    1.800   1.0000      weakNoGo
 68.4000    3    1.800   1.0000        weakGo
 70.2000    4    1.800   1.0000      weakNoGo
 72.0000    4    1.800   1.0000      weakNoGo
 73.8000    0    1.800   1.0000          NULL 
 75.6000    1    1.800   1.0000      strongGo
 77.4000    0    1.800   1.0000          NULL 
 79.2000    4    1.800   1.0000      weakNoGo
 81.0000    0    1.800   1.0000          NULL 
 82.8000    5    1.800   1.0000         catch
 84.6000    5    1.800   1.0000         catch
 86.4000    3    1.800   1.0000        weakGo
 88.2000    4    1.800   1.0000      weakNoGo
 90.0000    0    1.800   1.0000          NULL 
 91.8000    3    1.800   1.0000        weakGo
 93.6000    5    1.800   1.0000         catch
 95.4000    1    1.800   1.0000      strongGo
 97.2000    5    1.800   1.0000         catch
