  0.0000    3    1.800   1.0000        weakGo
  1.8000    1    1.800   1.0000      strongGo
  3.6000    4    1.800   1.0000      weakNoGo
  5.4000    4    1.800   1.0000      weakNoGo
  7.2000    2    1.800   1.0000    strongNoGo
  9.0000    2    1.800   1.0000    strongNoGo
 10.8000    0    1.800   1.0000          NULL 
 12.6000    1    1.800   1.0000      strongGo
 14.4000    5    1.800   1.0000         catch
 16.2000    3    1.800   1.0000        weakGo
 18.0000    2    1.800   1.0000    strongNoGo
 19.8000    1    1.800   1.0000      strongGo
 21.6000    2    1.800   1.0000    strongNoGo
 23.4000    0    1.800   1.0000          NULL 
 25.2000    4    1.800   1.0000      weakNoGo
 27.0000    0    3.600   1.0000          NULL 
 30.6000    3    1.800   1.0000        weakGo
 32.4000    0    1.800   1.0000          NULL 
 34.2000    2    1.800   1.0000    strongNoGo
 36.0000    3    1.800   1.0000        weakGo
 37.8000    5    1.800   1.0000         catch
 39.6000    5    1.800   1.0000         catch
 41.4000    4    1.800   1.0000      weakNoGo
 43.2000    0    1.800   1.0000          NULL 
 45.0000    1    1.800   1.0000      strongGo
 46.8000    4    1.800   1.0000      weakNoGo
 48.6000    4    1.800   1.0000      weakNoGo
 50.4000    1    1.800   1.0000      strongGo
 52.2000    3    1.800   1.0000        weakGo
 54.0000    4    1.800   1.0000      weakNoGo
 55.8000    0    5.400   1.0000          NULL 
 61.2000    4    1.800   1.0000      weakNoGo
 63.0000    3    1.800   1.0000        weakGo
 64.8000    4    1.800   1.0000      weakNoGo
 66.6000    2    1.800   1.0000    strongNoGo
 68.4000    3    1.800   1.0000        weakGo
 70.2000    3    1.800   1.0000        weakGo
 72.0000    1    1.800   1.0000      strongGo
 73.8000    5    1.800   1.0000         catch
 75.6000    0    1.800   1.0000          NULL 
 77.4000    1    1.800   1.0000      strongGo
 79.2000    3    1.800   1.0000        weakGo
 81.0000    1    1.800   1.0000      strongGo
 82.8000    2    1.800   1.0000    strongNoGo
 84.6000    1    1.800   1.0000      strongGo
 86.4000    1    1.800   1.0000      strongGo
 88.2000    5    1.800   1.0000         catch
 90.0000    3    1.800   1.0000        weakGo
 91.8000    2    1.800   1.0000    strongNoGo
 93.6000    4    1.800   1.0000      weakNoGo
 95.4000    2    1.800   1.0000    strongNoGo
 97.2000    2    1.800   1.0000    strongNoGo
