  0.0000    4    1.800   1.0000      weakNoGo
  1.8000    1    1.800   1.0000      strongGo
  3.6000    3    1.800   1.0000        weakGo
  5.4000    5    1.800   1.0000         catch
  7.2000    4    1.800   1.0000      weakNoGo
  9.0000    2    1.800   1.0000    strongNoGo
 10.8000    1    1.800   1.0000      strongGo
 12.6000    0    1.800   1.0000          NULL 
 14.4000    4    1.800   1.0000      weakNoGo
 16.2000    3    1.800   1.0000        weakGo
 18.0000    4    1.800   1.0000      weakNoGo
 19.8000    2    1.800   1.0000    strongNoGo
 21.6000    4    1.800   1.0000      weakNoGo
 23.4000    0    3.600   1.0000          NULL 
 27.0000    3    1.800   1.0000        weakGo
 28.8000    5    1.800   1.0000         catch
 30.6000    2    1.800   1.0000    strongNoGo
 32.4000    4    1.800   1.0000      weakNoGo
 34.2000    2    1.800   1.0000    strongNoGo
 36.0000    2    1.800   1.0000    strongNoGo
 37.8000    4    1.800   1.0000      weakNoGo
 39.6000    0    1.800   1.0000          NULL 
 41.4000    1    1.800   1.0000      strongGo
 43.2000    5    1.800   1.0000         catch
 45.0000    3    1.800   1.0000        weakGo
 46.8000    2    1.800   1.0000    strongNoGo
 48.6000    3    1.800   1.0000        weakGo
 50.4000    3    1.800   1.0000        weakGo
 52.2000    1    1.800   1.0000      strongGo
 54.0000    3    1.800   1.0000        weakGo
 55.8000    1    1.800   1.0000      strongGo
 57.6000    4    1.800   1.0000      weakNoGo
 59.4000    5    1.800   1.0000         catch
 61.2000    0    3.600   1.0000          NULL 
 64.8000    3    1.800   1.0000        weakGo
 66.6000    2    1.800   1.0000    strongNoGo
 68.4000    2    1.800   1.0000    strongNoGo
 70.2000    0    5.400   1.0000          NULL 
 75.6000    5    1.800   1.0000         catch
 77.4000    3    1.800   1.0000        weakGo
 79.2000    4    1.800   1.0000      weakNoGo
 81.0000    1    1.800   1.0000      strongGo
 82.8000    1    1.800   1.0000      strongGo
 84.6000    1    1.800   1.0000      strongGo
 86.4000    2    1.800   1.0000    strongNoGo
 88.2000    3    1.800   1.0000        weakGo
 90.0000    1    1.800   1.0000      strongGo
 91.8000    1    1.800   1.0000      strongGo
 93.6000    0    1.800   1.0000          NULL 
 95.4000    4    1.800   1.0000      weakNoGo
 97.2000    2    1.800   1.0000    strongNoGo
